(-0.035106, 0.038565, 0.000000)
(-0.035106, 0.038565, -0.012200)
(-0.035106, 0.039363, -0.012174)
(-0.035106, 0.040157, -0.012096)
(-0.035106, 0.040945, -0.011966)
(-0.035106, 0.041722, -0.011784)
(-0.035106, 0.042486, -0.011553)
(-0.035106, 0.043233, -0.011271)
(-0.035106, 0.043961, -0.010942)
(-0.035106, 0.044665, -0.010566)
(-0.035106, 0.045343, -0.010144)
(-0.035106, 0.045992, -0.009679)
(-0.035106, 0.046609, -0.009172)
(-0.035106, 0.047192, -0.008627)
(-0.035106, 0.047737, -0.008044)
(-0.035106, 0.048244, -0.007427)
(-0.035106, 0.048709, -0.006778)
(-0.035106, 0.049130, -0.006100)
(-0.035106, 0.049507, -0.005396)
(-0.035106, 0.049836, -0.004669)
(-0.035106, 0.050117, -0.003922)
(-0.035106, 0.050349, -0.003158)
(-0.035106, 0.050530, -0.002380)
(-0.035106, 0.050660, -0.001592)
(-0.035106, 0.050739, -0.000798)
(-0.035106, 0.050765, 0.000000)
(-0.035106, 0.050739, 0.000798)
(-0.035106, 0.050660, 0.001592)
(-0.035106, 0.050530, 0.002380)
(-0.035106, 0.050349, 0.003158)
(-0.035106, 0.050117, 0.003922)
(-0.035106, 0.049836, 0.004669)
(-0.035106, 0.049507, 0.005396)
(-0.035106, 0.049130, 0.006100)
(-0.035106, 0.048708, 0.006778)
(-0.035106, 0.048244, 0.007427)
(-0.035106, 0.047737, 0.008044)
(-0.035106, 0.047191, 0.008627)
(-0.035106, 0.046609, 0.009172)
(-0.035106, 0.045992, 0.009679)
(-0.035106, 0.045343, 0.010144)
(-0.035106, 0.044665, 0.010566)
(-0.035106, 0.043961, 0.010942)
(-0.035106, 0.043234, 0.011271)
(-0.035106, 0.042486, 0.011553)
(-0.035106, 0.041722, 0.011784)
(-0.035106, 0.040945, 0.011966)
(-0.035106, 0.040157, 0.012096)
(-0.035106, 0.039363, 0.012174)
(-0.035106, 0.038565, 0.012200)
(-0.035106, 0.037767, 0.012174)
(-0.035106, 0.036972, 0.012096)
(-0.035106, 0.036185, 0.011966)
(-0.035106, 0.035407, 0.011784)
(-0.035106, 0.034643, 0.011553)
(-0.035106, 0.033896, 0.011271)
(-0.035106, 0.033169, 0.010942)
(-0.035106, 0.032465, 0.010566)
(-0.035106, 0.031787, 0.010144)
(-0.035106, 0.031138, 0.009679)
(-0.035106, 0.030521, 0.009172)
(-0.035106, 0.029938, 0.008627)
(-0.035106, 0.029392, 0.008044)
(-0.035106, 0.028886, 0.007427)
(-0.035106, 0.028421, 0.006778)
(-0.035106, 0.027999, 0.006100)
(-0.035106, 0.027623, 0.005396)
(-0.035106, 0.027293, 0.004669)
(-0.035106, 0.027012, 0.003922)
(-0.035106, 0.026780, 0.003158)
(-0.035106, 0.026599, 0.002380)
(-0.035106, 0.026469, 0.001592)
(-0.035106, 0.026391, 0.000798)
(-0.035106, 0.026365, 0.000000)
(-0.035106, 0.026391, -0.000798)
(-0.035106, 0.026469, -0.001592)
(-0.035106, 0.026599, -0.002380)
(-0.035106, 0.026780, -0.003158)
(-0.035106, 0.027012, -0.003922)
(-0.035106, 0.027293, -0.004669)
(-0.035106, 0.027623, -0.005396)
(-0.035106, 0.027999, -0.006100)
(-0.035106, 0.028421, -0.006778)
(-0.035106, 0.028886, -0.007427)
(-0.035106, 0.029392, -0.008044)
(-0.035106, 0.029938, -0.008627)
(-0.035106, 0.030521, -0.009172)
(-0.035106, 0.031138, -0.009679)
(-0.035106, 0.031787, -0.010144)
(-0.035106, 0.032465, -0.010566)
(-0.035106, 0.033169, -0.010942)
(-0.035106, 0.033896, -0.011271)
(-0.035106, 0.034643, -0.011553)
(-0.035106, 0.035407, -0.011784)
(-0.035106, 0.036185, -0.011966)
(-0.035106, 0.036972, -0.012096)
(-0.035106, 0.037767, -0.012174)
