(0.043859, 0.022518, 0.000000)
(0.043859, 0.022518, -0.013600)
(0.043859, 0.023407, -0.013571)
(0.043859, 0.024293, -0.013484)
(0.043859, 0.025171, -0.013339)
(0.043859, 0.026038, -0.013137)
(0.043859, 0.026889, -0.012878)
(0.043859, 0.027722, -0.012565)
(0.043859, 0.028533, -0.012197)
(0.043859, 0.029318, -0.011778)
(0.043859, 0.030074, -0.011308)
(0.043859, 0.030797, -0.010790)
(0.043859, 0.031485, -0.010225)
(0.043859, 0.032134, -0.009617)
(0.043859, 0.032743, -0.008967)
(0.043859, 0.033307, -0.008279)
(0.043859, 0.033826, -0.007556)
(0.043859, 0.034296, -0.006800)
(0.043859, 0.034715, -0.006015)
(0.043859, 0.035083, -0.005204)
(0.043859, 0.035396, -0.004372)
(0.043859, 0.035654, -0.003520)
(0.043859, 0.035857, -0.002653)
(0.043859, 0.036002, -0.001775)
(0.043859, 0.036089, -0.000889)
(0.043859, 0.036118, 0.000000)
(0.043859, 0.036089, 0.000889)
(0.043859, 0.036001, 0.001775)
(0.043859, 0.035857, 0.002653)
(0.043859, 0.035654, 0.003520)
(0.043859, 0.035396, 0.004372)
(0.043859, 0.035083, 0.005204)
(0.043859, 0.034715, 0.006015)
(0.043859, 0.034296, 0.006800)
(0.043859, 0.033826, 0.007556)
(0.043859, 0.033308, 0.008279)
(0.043859, 0.032743, 0.008967)
(0.043859, 0.032135, 0.009617)
(0.043859, 0.031485, 0.010225)
(0.043859, 0.030797, 0.010790)
(0.043859, 0.030074, 0.011308)
(0.043859, 0.029318, 0.011778)
(0.043859, 0.028533, 0.012197)
(0.043859, 0.027722, 0.012565)
(0.043859, 0.026890, 0.012878)
(0.043859, 0.026038, 0.013137)
(0.043859, 0.025171, 0.013339)
(0.043859, 0.024293, 0.013484)
(0.043859, 0.023407, 0.013571)
(0.043859, 0.022518, 0.013600)
(0.043859, 0.021628, 0.013571)
(0.043859, 0.020743, 0.013484)
(0.043859, 0.019865, 0.013339)
(0.043859, 0.018998, 0.013137)
(0.043859, 0.018146, 0.012878)
(0.043859, 0.017313, 0.012565)
(0.043859, 0.016503, 0.012197)
(0.043859, 0.015718, 0.011778)
(0.043859, 0.014962, 0.011308)
(0.043859, 0.014239, 0.010790)
(0.043859, 0.013551, 0.010225)
(0.043859, 0.012901, 0.009617)
(0.043859, 0.012293, 0.008967)
(0.043859, 0.011728, 0.008279)
(0.043859, 0.011210, 0.007556)
(0.043859, 0.010740, 0.006800)
(0.043859, 0.010320, 0.006015)
(0.043859, 0.009953, 0.005204)
(0.043859, 0.009640, 0.004372)
(0.043859, 0.009381, 0.003520)
(0.043859, 0.009179, 0.002653)
(0.043859, 0.009034, 0.001775)
(0.043859, 0.008947, 0.000889)
(0.043859, 0.008918, 0.000000)
(0.043859, 0.008947, -0.000889)
(0.043859, 0.009034, -0.001775)
(0.043859, 0.009179, -0.002653)
(0.043859, 0.009381, -0.003520)
(0.043859, 0.009640, -0.004372)
(0.043859, 0.009953, -0.005204)
(0.043859, 0.010320, -0.006015)
(0.043859, 0.010740, -0.006800)
(0.043859, 0.011210, -0.007556)
(0.043859, 0.011728, -0.008279)
(0.043859, 0.012293, -0.008967)
(0.043859, 0.012901, -0.009617)
(0.043859, 0.013551, -0.010225)
(0.043859, 0.014239, -0.010790)
(0.043859, 0.014962, -0.011308)
(0.043859, 0.015718, -0.011778)
(0.043859, 0.016503, -0.012197)
(0.043859, 0.017313, -0.012565)
(0.043859, 0.018146, -0.012878)
(0.043859, 0.018998, -0.013137)
(0.043859, 0.019865, -0.013339)
(0.043859, 0.020743, -0.013484)
(0.043859, 0.021628, -0.013571)
