(-0.011538, 0.012528, 0.011698)
(-0.011325, 0.012456, 0.011698)
(-0.010755, 0.012262, 0.011698)
(0.044616, 0.022244, 0.006857)
(0.044347, 0.021209, 0.007660)
(0.045448, 0.021209, 0.006495)
(0.044617, 0.022244, -0.006858)
(0.045447, 0.021209, -0.006495)
(0.044347, 0.021209, -0.007661)
(0.038950, 0.004066, -0.008393)
(-0.034297, 0.004066, -0.008392)
(-0.034297, 0.010503, -0.008392)
(0.038950, 0.010503, -0.008393)
(-0.034297, 0.004066, -0.008392)
(-0.034297, 0.004066, 0.008393)
(-0.034297, 0.010503, 0.008393)
(-0.034297, 0.010503, -0.008392)
(-0.034297, 0.004066, 0.008393)
(0.038950, 0.004066, 0.008392)
(0.038950, 0.010503, 0.008392)
(-0.034297, 0.010503, 0.008393)
(0.038950, 0.004066, 0.008392)
(0.038950, 0.004066, -0.008393)
(0.038950, 0.010503, -0.008393)
(0.038950, 0.010503, 0.008392)
(-0.034297, 0.004066, -0.008392)
(0.038950, 0.004066, -0.008393)
(0.038950, 0.004066, 0.008392)
(-0.034297, 0.004066, 0.008393)
(-0.034297, 0.010503, 0.008393)
(0.038950, 0.010503, 0.008392)
(0.038950, 0.010503, -0.008393)
(-0.034297, 0.010503, -0.008392)
(-0.011572, 0.009859, -0.011698)
(-0.011359, 0.009787, -0.011698)
(-0.010416, 0.010251, -0.011698)
(-0.012142, 0.010053, -0.011698)
(-0.012355, 0.010126, -0.011698)
(-0.012819, 0.011069, -0.011698)
(-0.010078, 0.011247, -0.011698)
(-0.012481, 0.012064, -0.011698)
(-0.010542, 0.012190, -0.011698)
(-0.011538, 0.012528, -0.011698)
(-0.010755, 0.012262, -0.011698)
(-0.011325, 0.012456, -0.011698)
(-0.010416, 0.010252, -0.012893)
(-0.011359, 0.009787, -0.012893)
(-0.011572, 0.009859, -0.012893)
(-0.010755, 0.012262, -0.012893)
(-0.010078, 0.011247, -0.012893)
(-0.010542, 0.012190, -0.012893)
(-0.012142, 0.010053, -0.012658)
(-0.012355, 0.010125, -0.012893)
(-0.012142, 0.010053, -0.012893)
(-0.012142, 0.010053, -0.011698)
(-0.012355, 0.010126, -0.011698)
(-0.011572, 0.009859, -0.011698)
(-0.011572, 0.009859, -0.012658)
(-0.011359, 0.009787, -0.011698)
(-0.011359, 0.009787, -0.012893)
(-0.011572, 0.009859, -0.012893)
(-0.010755, 0.012262, -0.012658)
(-0.010542, 0.012190, -0.012893)
(-0.010755, 0.012262, -0.012893)
(-0.010755, 0.012262, -0.011698)
(-0.010542, 0.012190, -0.011698)
(-0.011325, 0.012456, -0.011698)
(-0.011325, 0.012456, -0.012658)
(-0.011538, 0.012528, -0.011698)
(-0.011538, 0.012528, -0.012893)
(-0.011325, 0.012456, -0.012893)
(-0.011325, 0.012456, -0.012658)
(-0.012142, 0.010053, -0.012658)
(-0.012142, 0.010053, -0.012893)
(-0.011325, 0.012456, -0.012893)
(-0.011325, 0.012456, -0.012658)
(-0.010755, 0.012262, -0.012658)
(-0.011572, 0.009859, -0.012658)
(-0.012142, 0.010053, -0.012658)
(-0.011572, 0.009859, -0.012893)
(-0.011572, 0.009859, -0.012658)
(-0.010755, 0.012262, -0.012658)
(-0.010755, 0.012262, -0.012893)
(-0.011325, 0.012456, -0.012893)
(-0.012142, 0.010053, -0.012893)
(-0.012355, 0.010125, -0.012893)
(-0.012819, 0.011069, -0.012893)
(-0.012481, 0.012064, -0.012893)
(-0.011538, 0.012528, -0.012893)
(-0.010078, 0.011247, -0.011698)
(-0.010416, 0.010251, -0.011698)
(-0.010416, 0.010252, -0.012893)
(-0.010078, 0.011247, -0.012893)
(-0.012819, 0.011069, -0.011698)
(-0.012481, 0.012064, -0.011698)
(-0.012481, 0.012064, -0.012893)
(-0.012819, 0.011069, -0.012893)
(-0.010542, 0.012190, -0.011698)
(-0.010078, 0.011247, -0.011698)
(-0.010078, 0.011247, -0.012893)
(-0.010542, 0.012190, -0.012893)
(-0.010416, 0.010251, -0.011698)
(-0.011359, 0.009787, -0.011698)
(-0.011359, 0.009787, -0.012893)
(-0.010416, 0.010252, -0.012893)
(-0.012355, 0.010126, -0.011698)
(-0.012819, 0.011069, -0.011698)
(-0.012819, 0.011069, -0.012893)
(-0.012355, 0.010125, -0.012893)
(-0.012481, 0.012064, -0.011698)
(-0.011538, 0.012528, -0.011698)
(-0.011538, 0.012528, -0.012893)
(-0.012481, 0.012064, -0.012893)
(-0.026830, 0.009680, -0.010951)
(-0.025200, 0.008702, -0.010951)
(-0.024807, 0.008800, -0.010951)
(-0.023749, 0.009063, -0.010951)
(-0.023356, 0.009162, -0.010951)
(-0.022377, 0.010791, -0.010951)
(-0.027290, 0.011524, -0.010951)
(-0.022838, 0.012635, -0.010951)
(-0.026311, 0.013154, -0.010951)
(-0.025917, 0.013252, -0.010951)
(-0.024467, 0.013614, -0.010951)
(-0.024861, 0.013516, -0.010951)
(-0.023356, 0.009162, -0.013112)
(-0.023749, 0.009063, -0.013112)
(-0.024861, 0.013516, -0.013112)
(-0.022377, 0.010791, -0.013112)
(-0.022838, 0.012635, -0.013112)
(-0.024467, 0.013614, -0.013112)
(-0.024807, 0.008800, -0.012687)
(-0.025200, 0.008702, -0.013112)
(-0.024807, 0.008800, -0.013112)
(-0.024807, 0.008800, -0.010951)
(-0.025200, 0.008702, -0.010951)
(-0.023749, 0.009063, -0.010951)
(-0.023749, 0.009064, -0.012687)
(-0.023356, 0.009162, -0.010951)
(-0.023356, 0.009162, -0.013112)
(-0.023749, 0.009063, -0.013112)
(-0.024861, 0.013516, -0.012687)
(-0.024467, 0.013614, -0.013112)
(-0.024861, 0.013516, -0.013112)
(-0.024861, 0.013516, -0.010951)
(-0.024467, 0.013614, -0.010951)
(-0.025917, 0.013252, -0.010951)
(-0.025917, 0.013252, -0.012687)
(-0.026311, 0.013154, -0.010951)
(-0.026311, 0.013154, -0.013112)
(-0.025917, 0.013252, -0.013112)
(-0.025917, 0.013252, -0.012687)
(-0.024807, 0.008800, -0.012687)
(-0.024807, 0.008800, -0.013112)
(-0.025917, 0.013252, -0.013112)
(-0.025917, 0.013252, -0.012687)
(-0.024861, 0.013516, -0.012687)
(-0.023749, 0.009064, -0.012687)
(-0.024807, 0.008800, -0.012687)
(-0.023749, 0.009063, -0.013112)
(-0.023749, 0.009064, -0.012687)
(-0.024861, 0.013516, -0.012687)
(-0.024861, 0.013516, -0.013112)
(-0.024807, 0.008800, -0.013112)
(-0.025200, 0.008702, -0.013112)
(-0.026830, 0.009680, -0.013112)
(-0.025917, 0.013252, -0.013112)
(-0.027290, 0.011524, -0.013112)
(-0.026311, 0.013154, -0.013112)
(-0.022838, 0.012635, -0.010951)
(-0.022377, 0.010791, -0.010951)
(-0.022377, 0.010791, -0.013112)
(-0.022838, 0.012635, -0.013112)
(-0.026830, 0.009680, -0.010951)
(-0.027290, 0.011524, -0.010951)
(-0.027290, 0.011524, -0.013112)
(-0.026830, 0.009680, -0.013112)
(-0.024467, 0.013614, -0.010951)
(-0.022838, 0.012635, -0.010951)
(-0.022838, 0.012635, -0.013112)
(-0.024467, 0.013614, -0.013112)
(-0.022377, 0.010791, -0.010951)
(-0.023356, 0.009162, -0.010951)
(-0.023356, 0.009162, -0.013112)
(-0.022377, 0.010791, -0.013112)
(-0.025200, 0.008702, -0.010951)
(-0.026830, 0.009680, -0.010951)
(-0.026830, 0.009680, -0.013112)
(-0.025200, 0.008702, -0.013112)
(-0.027290, 0.011524, -0.010951)
(-0.026311, 0.013154, -0.010951)
(-0.026311, 0.013154, -0.013112)
(-0.027290, 0.011524, -0.013112)
(-0.010416, 0.010251, 0.011698)
(-0.011359, 0.009787, 0.011698)
(-0.011572, 0.009859, 0.011698)
(-0.012142, 0.010053, 0.011698)
(-0.012355, 0.010125, 0.011698)
(-0.012819, 0.011069, 0.011698)
(-0.010078, 0.011247, 0.011698)
(-0.012481, 0.012064, 0.011698)
(-0.010542, 0.012190, 0.011698)
(-0.010755, 0.012262, 0.011698)
(-0.011538, 0.012528, 0.011698)
(-0.011572, 0.009859, 0.012894)
(-0.011359, 0.009787, 0.012894)
(-0.010416, 0.010251, 0.012894)
(-0.010755, 0.012262, 0.012894)
(-0.010078, 0.011247, 0.012894)
(-0.010542, 0.012190, 0.012894)
(-0.012142, 0.010053, 0.012658)
(-0.012142, 0.010053, 0.012894)
(-0.012355, 0.010126, 0.012894)
(-0.012142, 0.010053, 0.011698)
(-0.012355, 0.010125, 0.011698)
(-0.011572, 0.009859, 0.011698)
(-0.011572, 0.009859, 0.012658)
(-0.011359, 0.009787, 0.011698)
(-0.011359, 0.009787, 0.012894)
(-0.011572, 0.009859, 0.012894)
(-0.010755, 0.012262, 0.012658)
(-0.010755, 0.012262, 0.012894)
(-0.010542, 0.012190, 0.012894)
(-0.010755, 0.012262, 0.011698)
(-0.010542, 0.012190, 0.011698)
(-0.011325, 0.012456, 0.011698)
(-0.011325, 0.012456, 0.012658)
(-0.011538, 0.012528, 0.011698)
(-0.011538, 0.012528, 0.012894)
(-0.011325, 0.012456, 0.012894)
(-0.011325, 0.012456, 0.012658)
(-0.011325, 0.012456, 0.012894)
(-0.012142, 0.010053, 0.012894)
(-0.012142, 0.010053, 0.012658)
(-0.011325, 0.012456, 0.012658)
(-0.012142, 0.010053, 0.012658)
(-0.011572, 0.009859, 0.012658)
(-0.010755, 0.012262, 0.012658)
(-0.011572, 0.009859, 0.012894)
(-0.010755, 0.012262, 0.012894)
(-0.010755, 0.012262, 0.012658)
(-0.011572, 0.009859, 0.012658)
(-0.012355, 0.010126, 0.012894)
(-0.012142, 0.010053, 0.012894)
(-0.011325, 0.012456, 0.012894)
(-0.012819, 0.011069, 0.012894)
(-0.012481, 0.012064, 0.012894)
(-0.011538, 0.012528, 0.012894)
(-0.010078, 0.011247, 0.011698)
(-0.010078, 0.011247, 0.012894)
(-0.010416, 0.010251, 0.012894)
(-0.010416, 0.010251, 0.011698)
(-0.012819, 0.011069, 0.011698)
(-0.012819, 0.011069, 0.012894)
(-0.012481, 0.012064, 0.012894)
(-0.012481, 0.012064, 0.011698)
(-0.010542, 0.012190, 0.011698)
(-0.010542, 0.012190, 0.012894)
(-0.010078, 0.011247, 0.012894)
(-0.010078, 0.011247, 0.011698)
(-0.010416, 0.010251, 0.011698)
(-0.010416, 0.010251, 0.012894)
(-0.011359, 0.009787, 0.012894)
(-0.011359, 0.009787, 0.011698)
(-0.012355, 0.010125, 0.011698)
(-0.012355, 0.010126, 0.012894)
(-0.012819, 0.011069, 0.012894)
(-0.012819, 0.011069, 0.011698)
(-0.012481, 0.012064, 0.011698)
(-0.012481, 0.012064, 0.012894)
(-0.011538, 0.012528, 0.012894)
(-0.011538, 0.012528, 0.011698)
(-0.024806, 0.008800, 0.010951)
(-0.025200, 0.008702, 0.010951)
(-0.026829, 0.009680, 0.010951)
(-0.023749, 0.009063, 0.010951)
(-0.023356, 0.009162, 0.010951)
(-0.022377, 0.010791, 0.010951)
(-0.027290, 0.011524, 0.010951)
(-0.022837, 0.012635, 0.010951)
(-0.026311, 0.013154, 0.010951)
(-0.024860, 0.013516, 0.010951)
(-0.025917, 0.013252, 0.010951)
(-0.024467, 0.013614, 0.010951)
(-0.024860, 0.013516, 0.013112)
(-0.023749, 0.009064, 0.013112)
(-0.023356, 0.009162, 0.013112)
(-0.022377, 0.010791, 0.013112)
(-0.022837, 0.012635, 0.013112)
(-0.024467, 0.013614, 0.013112)
(-0.024806, 0.008800, 0.012687)
(-0.024806, 0.008800, 0.013112)
(-0.025200, 0.008702, 0.013112)
(-0.024806, 0.008800, 0.010951)
(-0.025200, 0.008702, 0.010951)
(-0.023749, 0.009063, 0.010951)
(-0.023749, 0.009064, 0.012687)
(-0.023356, 0.009162, 0.010951)
(-0.023356, 0.009162, 0.013112)
(-0.023749, 0.009064, 0.013112)
(-0.024860, 0.013516, 0.012687)
(-0.024860, 0.013516, 0.013112)
(-0.024467, 0.013614, 0.013112)
(-0.024860, 0.013516, 0.010951)
(-0.024467, 0.013614, 0.010951)
(-0.025917, 0.013252, 0.010951)
(-0.025917, 0.013252, 0.012687)
(-0.026311, 0.013154, 0.010951)
(-0.026311, 0.013154, 0.013112)
(-0.025917, 0.013252, 0.013112)
(-0.025917, 0.013252, 0.012687)
(-0.025917, 0.013252, 0.013112)
(-0.024806, 0.008800, 0.013112)
(-0.024806, 0.008800, 0.012687)
(-0.025917, 0.013252, 0.012687)
(-0.024806, 0.008800, 0.012687)
(-0.023749, 0.009064, 0.012687)
(-0.024860, 0.013516, 0.012687)
(-0.023749, 0.009064, 0.013112)
(-0.024860, 0.013516, 0.013112)
(-0.024860, 0.013516, 0.012687)
(-0.023749, 0.009064, 0.012687)
(-0.026829, 0.009680, 0.013112)
(-0.025200, 0.008702, 0.013112)
(-0.024806, 0.008800, 0.013112)
(-0.025917, 0.013252, 0.013112)
(-0.027290, 0.011524, 0.013112)
(-0.026311, 0.013154, 0.013112)
(-0.022837, 0.012635, 0.010951)
(-0.022837, 0.012635, 0.013112)
(-0.022377, 0.010791, 0.013112)
(-0.022377, 0.010791, 0.010951)
(-0.026829, 0.009680, 0.010951)
(-0.026829, 0.009680, 0.013112)
(-0.027290, 0.011524, 0.013112)
(-0.027290, 0.011524, 0.010951)
(-0.024467, 0.013614, 0.010951)
(-0.024467, 0.013614, 0.013112)
(-0.022837, 0.012635, 0.013112)
(-0.022837, 0.012635, 0.010951)
(-0.022377, 0.010791, 0.010951)
(-0.022377, 0.010791, 0.013112)
(-0.023356, 0.009162, 0.013112)
(-0.023356, 0.009162, 0.010951)
(-0.025200, 0.008702, 0.010951)
(-0.025200, 0.008702, 0.013112)
(-0.026829, 0.009680, 0.013112)
(-0.026829, 0.009680, 0.010951)
(-0.027290, 0.011524, 0.010951)
(-0.027290, 0.011524, 0.013112)
(-0.026311, 0.013154, 0.013112)
(-0.026311, 0.013154, 0.010951)
(0.024922, 0.020577, -0.003300)
(0.018042, 0.020577, -0.003300)
(0.018042, 0.025278, -0.003300)
(0.024922, 0.025278, -0.003300)
(0.018042, 0.020577, 0.001704)
(0.018042, 0.020577, 0.003300)
(0.018042, 0.025277, 0.003300)
(0.018042, 0.026626, 0.001704)
(0.018042, 0.020577, 0.000000)
(0.018042, 0.026625, -0.001705)
(0.018042, 0.020577, -0.001705)
(0.018042, 0.020577, -0.003300)
(0.018042, 0.025278, -0.003300)
(0.018042, 0.020577, 0.003300)
(0.024922, 0.020577, 0.003299)
(0.024922, 0.025277, 0.003299)
(0.018042, 0.025277, 0.003300)
(0.024922, 0.020577, -0.001705)
(0.024922, 0.020577, -0.003300)
(0.024922, 0.025278, -0.003300)
(0.024922, 0.026626, -0.001705)
(0.024922, 0.020577, 0.000000)
(0.024922, 0.020577, 0.001704)
(0.024922, 0.026626, 0.001704)
(0.024922, 0.020577, 0.003299)
(0.024922, 0.025277, 0.003299)
(0.018042, 0.026625, -0.001705)
(0.024922, 0.026626, -0.001705)
(0.024922, 0.025278, -0.003300)
(0.018042, 0.025278, -0.003300)
(0.018042, 0.025277, 0.003300)
(0.024922, 0.025277, 0.003299)
(0.024922, 0.026626, 0.001704)
(0.018042, 0.026626, 0.001704)
(0.018042, 0.026626, 0.001704)
(0.024922, 0.026626, 0.001704)
(0.024922, 0.026626, -0.001705)
(0.018042, 0.026625, -0.001705)
(0.029900, 0.025643, -0.002690)
(0.030264, 0.026173, -0.002326)
(0.032590, 0.026173, -0.003290)
(0.032590, 0.025643, -0.003804)
(0.029900, 0.020917, 0.002689)
(0.029900, 0.025643, 0.002689)
(0.028786, 0.025643, 0.000000)
(0.028786, 0.020917, 0.000000)
(0.035279, 0.020917, 0.002689)
(0.035279, 0.025643, 0.002689)
(0.032590, 0.025643, 0.003803)
(0.032590, 0.020917, 0.003803)
(0.035279, 0.020917, -0.002690)
(0.035279, 0.025643, -0.002690)
(0.036393, 0.025643, 0.000000)
(0.036393, 0.020917, 0.000000)
(0.029900, 0.020917, -0.002690)
(0.029900, 0.025643, -0.002690)
(0.032590, 0.025643, -0.003804)
(0.032590, 0.020917, -0.003804)
(0.032590, 0.020917, 0.003803)
(0.032590, 0.025643, 0.003803)
(0.029900, 0.025643, 0.002689)
(0.029900, 0.020917, 0.002689)
(0.036393, 0.020917, 0.000000)
(0.036393, 0.025643, 0.000000)
(0.035279, 0.025643, 0.002689)
(0.035279, 0.020917, 0.002689)
(0.032590, 0.020917, -0.003804)
(0.032590, 0.025643, -0.003804)
(0.035279, 0.025643, -0.002690)
(0.035279, 0.020917, -0.002690)
(0.028786, 0.020917, 0.000000)
(0.028786, 0.025643, 0.000000)
(0.029900, 0.025643, -0.002690)
(0.029900, 0.020917, -0.002690)
(0.034916, 0.026173, 0.002326)
(0.035879, 0.026173, 0.000000)
(0.034916, 0.026173, -0.002326)
(0.032590, 0.026173, 0.003289)
(0.032590, 0.026173, -0.003290)
(0.030264, 0.026173, 0.002326)
(0.030264, 0.026173, -0.002326)
(0.029300, 0.026173, 0.000000)
(0.032590, 0.025643, 0.003803)
(0.032590, 0.026173, 0.003289)
(0.030264, 0.026173, 0.002326)
(0.029900, 0.025643, 0.002689)
(0.036393, 0.025643, 0.000000)
(0.035879, 0.026173, 0.000000)
(0.034916, 0.026173, 0.002326)
(0.035279, 0.025643, 0.002689)
(0.032590, 0.025643, -0.003804)
(0.032590, 0.026173, -0.003290)
(0.034916, 0.026173, -0.002326)
(0.035279, 0.025643, -0.002690)
(0.028786, 0.025643, 0.000000)
(0.029300, 0.026173, 0.000000)
(0.030264, 0.026173, -0.002326)
(0.029900, 0.025643, -0.002690)
(0.029900, 0.025643, 0.002689)
(0.030264, 0.026173, 0.002326)
(0.029300, 0.026173, 0.000000)
(0.028786, 0.025643, 0.000000)
(0.035279, 0.025643, 0.002689)
(0.034916, 0.026173, 0.002326)
(0.032590, 0.026173, 0.003289)
(0.032590, 0.025643, 0.003803)
(0.035279, 0.025643, -0.002690)
(0.034916, 0.026173, -0.002326)
(0.035879, 0.026173, 0.000000)
(0.036393, 0.025643, 0.000000)
(0.013998, 0.023175, -0.003680)
(0.014312, 0.023175, -0.005075)
(0.013548, 0.023175, -0.006283)
(0.013739, 0.023175, -0.003517)
(0.011896, 0.023175, -0.006434)
(0.012153, 0.023175, -0.006597)
(0.013047, 0.022855, -0.003080)
(0.013047, 0.023175, -0.003080)
(0.012790, 0.023175, -0.002917)
(0.013047, 0.021550, -0.003080)
(0.012790, 0.021550, -0.002917)
(0.013739, 0.021550, -0.003517)
(0.013739, 0.022855, -0.003517)
(0.013998, 0.021550, -0.003680)
(0.013998, 0.023175, -0.003680)
(0.013739, 0.023175, -0.003517)
(0.011896, 0.022855, -0.006434)
(0.011896, 0.023175, -0.006434)
(0.012153, 0.023175, -0.006597)
(0.011896, 0.021550, -0.006434)
(0.012153, 0.021550, -0.006597)
(0.011204, 0.021550, -0.005996)
(0.011204, 0.022855, -0.005996)
(0.010946, 0.021550, -0.005833)
(0.010946, 0.023175, -0.005833)
(0.011204, 0.023175, -0.005996)
(0.011204, 0.022855, -0.005996)
(0.011204, 0.023175, -0.005996)
(0.013047, 0.023175, -0.003080)
(0.013047, 0.022855, -0.003080)
(0.011204, 0.022855, -0.005996)
(0.013047, 0.022855, -0.003080)
(0.013739, 0.022855, -0.003517)
(0.011896, 0.022855, -0.006434)
(0.013739, 0.023175, -0.003517)
(0.011896, 0.023175, -0.006434)
(0.011896, 0.022855, -0.006434)
(0.013739, 0.022855, -0.003517)
(0.012790, 0.023175, -0.002917)
(0.013047, 0.023175, -0.003080)
(0.011204, 0.023175, -0.005996)
(0.011395, 0.023175, -0.003231)
(0.010631, 0.023175, -0.004439)
(0.010946, 0.023175, -0.005833)
(0.013548, 0.021550, -0.006283)
(0.013548, 0.023175, -0.006283)
(0.014312, 0.023175, -0.005075)
(0.014312, 0.021550, -0.005075)
(0.011395, 0.021550, -0.003231)
(0.011395, 0.023175, -0.003231)
(0.010631, 0.023175, -0.004439)
(0.010631, 0.021550, -0.004439)
(0.012153, 0.021550, -0.006597)
(0.012153, 0.023175, -0.006597)
(0.013548, 0.023175, -0.006283)
(0.013548, 0.021550, -0.006283)
(0.014312, 0.021550, -0.005075)
(0.014312, 0.023175, -0.005075)
(0.013998, 0.023175, -0.003680)
(0.013998, 0.021550, -0.003680)
(0.012790, 0.021550, -0.002917)
(0.012790, 0.023175, -0.002917)
(0.011395, 0.023175, -0.003231)
(0.011395, 0.021550, -0.003231)
(0.010631, 0.021550, -0.004439)
(0.010631, 0.023175, -0.004439)
(0.010946, 0.023175, -0.005833)
(0.010946, 0.021550, -0.005833)
(0.010710, 0.023175, 0.004985)
(0.013956, 0.023175, 0.003817)
(0.013853, 0.023175, 0.003530)
(0.012560, 0.023175, 0.002921)
(0.011215, 0.023175, 0.003405)
(0.010607, 0.023175, 0.004698)
(0.014233, 0.022855, 0.004588)
(0.014233, 0.023175, 0.004588)
(0.014337, 0.023175, 0.004875)
(0.014233, 0.021550, 0.004588)
(0.014337, 0.021550, 0.004875)
(0.013956, 0.021550, 0.003817)
(0.013956, 0.022855, 0.003817)
(0.013853, 0.021550, 0.003530)
(0.013853, 0.023175, 0.003530)
(0.013956, 0.023175, 0.003817)
(0.010710, 0.022855, 0.004985)
(0.010710, 0.023175, 0.004985)
(0.010607, 0.023175, 0.004698)
(0.010710, 0.021550, 0.004985)
(0.010607, 0.021550, 0.004698)
(0.010987, 0.021550, 0.005756)
(0.010987, 0.022855, 0.005756)
(0.011090, 0.021550, 0.006043)
(0.011090, 0.023175, 0.006043)
(0.010987, 0.023175, 0.005756)
(0.010987, 0.022855, 0.005756)
(0.010987, 0.023175, 0.005756)
(0.014233, 0.023175, 0.004588)
(0.014233, 0.022855, 0.004588)
(0.010987, 0.022855, 0.005756)
(0.014233, 0.022855, 0.004588)
(0.013956, 0.022855, 0.003817)
(0.010710, 0.022855, 0.004985)
(0.013956, 0.023175, 0.003817)
(0.010710, 0.023175, 0.004985)
(0.010710, 0.022855, 0.004985)
(0.013956, 0.022855, 0.003817)
(0.013728, 0.023175, 0.006168)
(0.014337, 0.023175, 0.004875)
(0.014233, 0.023175, 0.004588)
(0.010987, 0.023175, 0.005756)
(0.012383, 0.023175, 0.006652)
(0.011090, 0.023175, 0.006043)
(0.011215, 0.021550, 0.003405)
(0.011215, 0.023175, 0.003405)
(0.012560, 0.023175, 0.002921)
(0.012560, 0.021550, 0.002921)
(0.013728, 0.021550, 0.006168)
(0.013728, 0.023175, 0.006168)
(0.012383, 0.023175, 0.006652)
(0.012383, 0.021550, 0.006652)
(0.010607, 0.021550, 0.004698)
(0.010607, 0.023175, 0.004698)
(0.011215, 0.023175, 0.003405)
(0.011215, 0.021550, 0.003405)
(0.012560, 0.021550, 0.002921)
(0.012560, 0.023175, 0.002921)
(0.013853, 0.023175, 0.003530)
(0.013853, 0.021550, 0.003530)
(0.014337, 0.021550, 0.004875)
(0.014337, 0.023175, 0.004875)
(0.013728, 0.023175, 0.006168)
(0.013728, 0.021550, 0.006168)
(0.012383, 0.021550, 0.006652)
(0.012383, 0.023175, 0.006652)
(0.011090, 0.023175, 0.006043)
(0.011090, 0.021550, 0.006043)
(-0.003786, 0.025491, -0.010324)
(-0.003499, 0.025993, -0.010037)
(-0.001662, 0.025993, -0.010797)
(-0.001662, 0.025490, -0.011203)
(-0.003786, 0.021012, -0.006076)
(-0.003786, 0.025490, -0.006076)
(-0.004666, 0.025491, -0.008200)
(-0.004666, 0.021012, -0.008200)
(0.000461, 0.021013, -0.006076)
(0.000461, 0.025491, -0.006076)
(-0.001662, 0.025491, -0.005197)
(-0.001662, 0.021013, -0.005197)
(0.000461, 0.021012, -0.010324)
(0.000461, 0.025490, -0.010324)
(0.001341, 0.025491, -0.008200)
(0.001341, 0.021013, -0.008200)
(-0.003786, 0.021012, -0.010324)
(-0.003786, 0.025491, -0.010324)
(-0.001662, 0.025490, -0.011203)
(-0.001662, 0.021012, -0.011203)
(-0.001662, 0.021013, -0.005197)
(-0.001662, 0.025491, -0.005197)
(-0.003786, 0.025490, -0.006076)
(-0.003786, 0.021012, -0.006076)
(0.001341, 0.021013, -0.008200)
(0.001341, 0.025491, -0.008200)
(0.000461, 0.025491, -0.006076)
(0.000461, 0.021013, -0.006076)
(-0.001662, 0.021012, -0.011203)
(-0.001662, 0.025490, -0.011203)
(0.000461, 0.025490, -0.010324)
(0.000461, 0.021012, -0.010324)
(-0.004666, 0.021012, -0.008200)
(-0.004666, 0.025491, -0.008200)
(-0.003786, 0.025491, -0.010324)
(-0.003786, 0.021012, -0.010324)
(0.000174, 0.025993, -0.006363)
(0.000934, 0.025993, -0.008200)
(0.000174, 0.025993, -0.010037)
(-0.001662, 0.025993, -0.005603)
(-0.001662, 0.025993, -0.010797)
(-0.003499, 0.025993, -0.006363)
(-0.003499, 0.025993, -0.010037)
(-0.004260, 0.025993, -0.008200)
(-0.001662, 0.025491, -0.005197)
(-0.001662, 0.025993, -0.005603)
(-0.003499, 0.025993, -0.006363)
(-0.003786, 0.025490, -0.006076)
(0.001341, 0.025491, -0.008200)
(0.000934, 0.025993, -0.008200)
(0.000174, 0.025993, -0.006363)
(0.000461, 0.025491, -0.006076)
(-0.001662, 0.025490, -0.011203)
(-0.001662, 0.025993, -0.010797)
(0.000174, 0.025993, -0.010037)
(0.000461, 0.025490, -0.010324)
(-0.004666, 0.025491, -0.008200)
(-0.004260, 0.025993, -0.008200)
(-0.003499, 0.025993, -0.010037)
(-0.003786, 0.025491, -0.010324)
(-0.003786, 0.025490, -0.006076)
(-0.003499, 0.025993, -0.006363)
(-0.004260, 0.025993, -0.008200)
(-0.004666, 0.025491, -0.008200)
(0.000461, 0.025491, -0.006076)
(0.000174, 0.025993, -0.006363)
(-0.001662, 0.025993, -0.005603)
(-0.001662, 0.025491, -0.005197)
(0.000461, 0.025490, -0.010324)
(0.000174, 0.025993, -0.010037)
(0.000934, 0.025993, -0.008200)
(0.001341, 0.025491, -0.008200)
(-0.003786, 0.025490, 0.006073)
(-0.003499, 0.025993, 0.006360)
(-0.001662, 0.025993, 0.005599)
(-0.001662, 0.025490, 0.005193)
(-0.003786, 0.021012, 0.010320)
(-0.003786, 0.025490, 0.010320)
(-0.004666, 0.025491, 0.008197)
(-0.004666, 0.021012, 0.008197)
(0.000461, 0.021013, 0.010320)
(0.000461, 0.025490, 0.010320)
(-0.001662, 0.025491, 0.011200)
(-0.001662, 0.021012, 0.011200)
(0.000461, 0.021012, 0.006073)
(0.000461, 0.025490, 0.006073)
(0.001341, 0.025491, 0.008196)
(0.001341, 0.021013, 0.008196)
(-0.003786, 0.021012, 0.006073)
(-0.003786, 0.025490, 0.006073)
(-0.001662, 0.025490, 0.005193)
(-0.001662, 0.021012, 0.005193)
(-0.001662, 0.021012, 0.011200)
(-0.001662, 0.025491, 0.011200)
(-0.003786, 0.025490, 0.010320)
(-0.003786, 0.021012, 0.010320)
(0.001341, 0.021013, 0.008196)
(0.001341, 0.025491, 0.008196)
(0.000461, 0.025490, 0.010320)
(0.000461, 0.021013, 0.010320)
(-0.001662, 0.021012, 0.005193)
(-0.001662, 0.025490, 0.005193)
(0.000461, 0.025490, 0.006073)
(0.000461, 0.021012, 0.006073)
(-0.004666, 0.021012, 0.008197)
(-0.004666, 0.025491, 0.008197)
(-0.003786, 0.025490, 0.006073)
(-0.003786, 0.021012, 0.006073)
(0.000174, 0.025993, 0.010033)
(0.000934, 0.025993, 0.008196)
(0.000174, 0.025993, 0.006360)
(-0.001662, 0.025993, 0.010794)
(-0.001662, 0.025993, 0.005599)
(-0.003499, 0.025993, 0.010033)
(-0.003499, 0.025993, 0.006360)
(-0.004260, 0.025993, 0.008197)
(-0.001662, 0.025491, 0.011200)
(-0.001662, 0.025993, 0.010794)
(-0.003499, 0.025993, 0.010033)
(-0.003786, 0.025490, 0.010320)
(0.001341, 0.025491, 0.008196)
(0.000934, 0.025993, 0.008196)
(0.000174, 0.025993, 0.010033)
(0.000461, 0.025490, 0.010320)
(-0.001662, 0.025490, 0.005193)
(-0.001662, 0.025993, 0.005599)
(0.000174, 0.025993, 0.006360)
(0.000461, 0.025490, 0.006073)
(-0.004666, 0.025491, 0.008197)
(-0.004260, 0.025993, 0.008197)
(-0.003499, 0.025993, 0.006360)
(-0.003786, 0.025490, 0.006073)
(-0.003786, 0.025490, 0.010320)
(-0.003499, 0.025993, 0.010033)
(-0.004260, 0.025993, 0.008197)
(-0.004666, 0.025491, 0.008197)
(0.000461, 0.025490, 0.010320)
(0.000174, 0.025993, 0.010033)
(-0.001662, 0.025993, 0.010794)
(-0.001662, 0.025491, 0.011200)
(0.000461, 0.025490, 0.006073)
(0.000174, 0.025993, 0.006360)
(0.000934, 0.025993, 0.008196)
(0.001341, 0.025491, 0.008196)
(-0.019731, 0.024588, -0.001854)
(-0.019240, 0.025401, -0.001363)
(-0.017877, 0.025401, -0.001927)
(-0.017877, 0.024588, -0.002622)
(-0.019731, 0.022527, 0.001854)
(-0.019731, 0.024588, 0.001854)
(-0.020499, 0.024588, 0.000000)
(-0.020499, 0.022527, 0.000000)
(-0.016024, 0.022527, 0.001854)
(-0.016024, 0.024588, 0.001854)
(-0.017877, 0.024588, 0.002622)
(-0.017877, 0.022527, 0.002622)
(-0.016024, 0.022527, -0.001854)
(-0.016024, 0.024588, -0.001854)
(-0.015255, 0.024588, 0.000000)
(-0.015255, 0.022527, 0.000000)
(-0.019731, 0.022527, -0.001854)
(-0.019731, 0.024588, -0.001854)
(-0.017877, 0.024588, -0.002622)
(-0.017877, 0.022527, -0.002622)
(-0.017877, 0.022527, 0.002622)
(-0.017877, 0.024588, 0.002622)
(-0.019731, 0.024588, 0.001854)
(-0.019731, 0.022527, 0.001854)
(-0.015255, 0.022527, 0.000000)
(-0.015255, 0.024588, 0.000000)
(-0.016024, 0.024588, 0.001854)
(-0.016024, 0.022527, 0.001854)
(-0.017877, 0.022527, -0.002622)
(-0.017877, 0.024588, -0.002622)
(-0.016024, 0.024588, -0.001854)
(-0.016024, 0.022527, -0.001854)
(-0.020499, 0.022527, 0.000000)
(-0.020499, 0.024588, 0.000000)
(-0.019731, 0.024588, -0.001854)
(-0.019731, 0.022527, -0.001854)
(-0.016514, 0.025401, 0.001363)
(-0.015950, 0.025401, 0.000000)
(-0.016514, 0.025401, -0.001363)
(-0.017877, 0.025401, 0.001927)
(-0.017877, 0.025401, -0.001927)
(-0.019240, 0.025401, 0.001363)
(-0.019240, 0.025401, -0.001363)
(-0.019804, 0.025401, 0.000000)
(-0.017877, 0.024588, 0.002622)
(-0.017877, 0.025401, 0.001927)
(-0.019240, 0.025401, 0.001363)
(-0.019731, 0.024588, 0.001854)
(-0.015255, 0.024588, 0.000000)
(-0.015950, 0.025401, 0.000000)
(-0.016514, 0.025401, 0.001363)
(-0.016024, 0.024588, 0.001854)
(-0.017877, 0.024588, -0.002622)
(-0.017877, 0.025401, -0.001927)
(-0.016514, 0.025401, -0.001363)
(-0.016024, 0.024588, -0.001854)
(-0.020499, 0.024588, 0.000000)
(-0.019804, 0.025401, 0.000000)
(-0.019240, 0.025401, -0.001363)
(-0.019731, 0.024588, -0.001854)
(-0.019731, 0.024588, 0.001854)
(-0.019240, 0.025401, 0.001363)
(-0.019804, 0.025401, 0.000000)
(-0.020499, 0.024588, 0.000000)
(-0.016024, 0.024588, 0.001854)
(-0.016514, 0.025401, 0.001363)
(-0.017877, 0.025401, 0.001927)
(-0.017877, 0.024588, 0.002622)
(-0.016024, 0.024588, -0.001854)
(-0.016514, 0.025401, -0.001363)
(-0.015950, 0.025401, 0.000000)
(-0.015255, 0.024588, 0.000000)
(0.016577, 0.019449, -0.007135)
(0.008366, 0.019449, -0.007135)
(0.008366, 0.022618, -0.007135)
(0.016577, 0.022618, -0.007135)
(0.008366, 0.019449, -0.007135)
(0.008366, 0.019449, 0.007135)
(0.008366, 0.022618, 0.007135)
(0.008366, 0.022618, -0.007135)
(0.008366, 0.019449, 0.007135)
(0.016577, 0.019449, 0.007135)
(0.016577, 0.022618, 0.007135)
(0.008366, 0.022618, 0.007135)
(0.016577, 0.019449, 0.007135)
(0.016577, 0.019449, -0.007135)
(0.016577, 0.022618, -0.007135)
(0.016577, 0.022618, 0.007135)
(0.008366, 0.019449, -0.007135)
(0.016577, 0.019449, -0.007135)
(0.016577, 0.019449, 0.007135)
(0.008366, 0.019449, 0.007135)
(0.008366, 0.022618, 0.007135)
(0.016577, 0.022618, 0.007135)
(0.016577, 0.022618, -0.007135)
(0.008366, 0.022618, -0.007135)
(0.008147, 0.019404, 0.008327)
(0.008147, 0.022813, 0.007796)
(0.008147, 0.022060, 0.008327)
(0.008147, 0.022813, -0.007796)
(0.008147, 0.022060, -0.008327)
(0.008147, 0.019404, -0.008327)
(-0.007613, 0.019404, 0.013054)
(-0.007613, 0.022060, 0.013054)
(-0.007613, 0.022060, -0.013054)
(-0.007613, 0.019404, 0.000000)
(-0.007613, 0.019404, -0.013054)
(0.006741, 0.019404, 0.008327)
(0.006741, 0.022060, 0.008327)
(0.004990, 0.022060, 0.009776)
(0.004990, 0.019404, 0.009776)
(0.004990, 0.019404, 0.009776)
(0.004990, 0.022060, 0.009776)
(0.003248, 0.022060, 0.013054)
(0.003248, 0.019404, 0.013054)
(0.008147, 0.019404, 0.008327)
(0.008147, 0.022060, 0.008327)
(0.006741, 0.022060, 0.008327)
(0.006741, 0.019404, 0.008327)
(0.003248, 0.019404, 0.013054)
(0.003248, 0.022060, 0.013054)
(-0.007613, 0.022060, 0.013054)
(-0.007613, 0.019404, 0.013054)
(0.002924, 0.022812, 0.012546)
(0.003248, 0.022060, 0.013054)
(0.004990, 0.022060, 0.009776)
(0.004513, 0.022813, 0.009403)
(0.004513, 0.022813, 0.009403)
(0.004990, 0.022060, 0.009776)
(0.006741, 0.022060, 0.008327)
(0.006477, 0.022813, 0.007796)
(0.006477, 0.022813, 0.007796)
(0.006741, 0.022060, 0.008327)
(0.008147, 0.022060, 0.008327)
(0.008147, 0.022813, 0.007796)
(-0.007101, 0.022813, 0.000000)
(-0.007613, 0.022060, 0.013054)
(-0.007101, 0.022813, 0.012546)
(-0.007613, 0.022060, -0.013054)
(-0.007101, 0.022813, -0.012546)
(-0.007101, 0.022813, 0.012546)
(-0.007613, 0.022060, 0.013054)
(0.003248, 0.022060, 0.013054)
(0.002924, 0.022812, 0.012546)
(0.006740, 0.019404, -0.008327)
(0.004990, 0.019404, -0.009776)
(0.004990, 0.022060, -0.009776)
(0.006740, 0.022060, -0.008327)
(0.004990, 0.019404, -0.009776)
(0.003248, 0.019404, -0.013054)
(0.003248, 0.022060, -0.013054)
(0.004990, 0.022060, -0.009776)
(0.008147, 0.019404, -0.008327)
(0.006740, 0.019404, -0.008327)
(0.006740, 0.022060, -0.008327)
(0.008147, 0.022060, -0.008327)
(0.003248, 0.019404, -0.013054)
(-0.007613, 0.019404, -0.013054)
(-0.007613, 0.022060, -0.013054)
(0.003248, 0.022060, -0.013054)
(0.002924, 0.022813, -0.012546)
(0.004513, 0.022813, -0.009403)
(0.004990, 0.022060, -0.009776)
(0.003248, 0.022060, -0.013054)
(0.004513, 0.022813, -0.009403)
(0.006476, 0.022813, -0.007796)
(0.006740, 0.022060, -0.008327)
(0.004990, 0.022060, -0.009776)
(0.006476, 0.022813, -0.007796)
(0.008147, 0.022813, -0.007796)
(0.008147, 0.022060, -0.008327)
(0.006740, 0.022060, -0.008327)
(-0.007101, 0.022813, -0.012546)
(0.002924, 0.022813, -0.012546)
(0.003248, 0.022060, -0.013054)
(-0.007613, 0.022060, -0.013054)
(-0.007101, 0.022813, 0.000000)
(-0.007101, 0.022813, 0.012546)
(0.002924, 0.022812, 0.012546)
(0.004513, 0.022813, 0.009403)
(0.006477, 0.022813, 0.007796)
(0.008147, 0.022813, 0.007796)
(0.008147, 0.022813, -0.007796)
(0.006476, 0.022813, -0.007796)
(0.004513, 0.022813, -0.009403)
(0.002924, 0.022813, -0.012546)
(-0.007101, 0.022813, -0.012546)
(-0.007613, 0.019404, 0.000000)
(-0.007613, 0.019404, -0.013054)
(0.003248, 0.019404, -0.013054)
(0.004990, 0.019404, -0.009776)
(0.006740, 0.019404, -0.008327)
(0.008147, 0.019404, -0.008327)
(0.008147, 0.019404, 0.008327)
(0.006741, 0.019404, 0.008327)
(0.004990, 0.019404, 0.009776)
(0.003248, 0.019404, 0.013054)
(-0.007613, 0.019404, 0.013054)
(0.002692, 0.011078, 0.012159)
(0.004350, 0.011078, 0.009123)
(0.004349, 0.019875, 0.009123)
(0.002692, 0.019875, 0.012159)
(0.000576, 0.008191, 0.012159)
(0.002692, 0.011078, 0.012159)
(0.002692, 0.019875, 0.012159)
(-0.007169, 0.015118, 0.012159)
(-0.007169, 0.019875, 0.012159)
(-0.008502, 0.014095, 0.012159)
(-0.029999, 0.009851, 0.012159)
(-0.029999, 0.012152, 0.012159)
(-0.030853, 0.009351, 0.012159)
(-0.030853, 0.012651, 0.012159)
(-0.042298, 0.009351, 0.012159)
(-0.044106, 0.014095, 0.012159)
(-0.042299, 0.012651, 0.012159)
(-0.044710, 0.012633, 0.012159)
(-0.043154, 0.012152, 0.012159)
(-0.047359, 0.008191, 0.012159)
(-0.047359, 0.011536, 0.012159)
(-0.043154, 0.009851, 0.012159)
(-0.050007, 0.012633, 0.012159)
(-0.050522, 0.009269, 0.012159)
(-0.051104, 0.015281, 0.012159)
(-0.052365, 0.012163, 0.012159)
(-0.052366, 0.017513, 0.012159)
(-0.050007, 0.017930, 0.012159)
(-0.050522, 0.019435, 0.012159)
(-0.047288, 0.019026, 0.012159)
(-0.047288, 0.020821, 0.012159)
(-0.009355, 0.020821, 0.012159)
(-0.044711, 0.017929, 0.012159)
(-0.009355, 0.016468, 0.012159)
(-0.044106, 0.016468, 0.012159)
(0.004350, 0.011078, 0.009123)
(0.006112, 0.011078, 0.007661)
(0.006112, 0.019875, 0.007661)
(0.004349, 0.019875, 0.009123)
(0.015754, 0.019875, 0.007661)
(0.015754, 0.021209, 0.007661)
(0.015754, 0.022244, 0.006857)
(0.015754, 0.022244, -0.006858)
(0.015754, 0.019875, -0.007661)
(0.015754, 0.021209, -0.007661)
(0.006112, 0.011078, 0.007661)
(0.015754, 0.019875, 0.007661)
(0.006112, 0.019875, 0.007661)
(0.044347, 0.008192, 0.007660)
(0.003995, 0.008191, 0.007661)
(0.044347, 0.021209, 0.007660)
(0.015754, 0.021209, 0.007661)
(-0.007169, 0.015118, 0.012159)
(-0.007169, 0.019875, 0.012159)
(-0.007169, 0.019875, 0.000000)
(-0.007169, 0.015118, -0.012159)
(-0.007169, 0.019875, -0.012159)
(0.002692, 0.019875, 0.012159)
(-0.007169, 0.019875, 0.000000)
(-0.007169, 0.019875, 0.012159)
(0.004349, 0.019875, 0.009123)
(0.006112, 0.019875, 0.007661)
(0.015754, 0.019875, 0.007661)
(0.015754, 0.019875, -0.007661)
(0.006111, 0.019875, -0.007661)
(0.004349, 0.019875, -0.009123)
(0.002692, 0.019875, -0.012159)
(-0.007169, 0.019875, -0.012159)
(-0.052366, 0.017513, 0.008334)
(-0.050522, 0.019435, 0.008334)
(-0.050007, 0.017930, 0.008335)
(-0.051104, 0.015281, 0.008335)
(-0.052365, 0.012163, 0.008334)
(-0.050007, 0.012633, 0.008335)
(-0.050522, 0.009269, 0.008334)
(-0.047359, 0.011536, 0.008335)
(-0.047359, 0.008191, 0.008334)
(-0.047288, 0.020821, 0.012159)
(-0.047288, 0.023726, 0.009772)
(-0.047288, 0.020821, 0.006354)
(-0.047288, 0.025643, 0.009211)
(-0.047288, 0.027501, 0.006388)
(-0.047288, 0.027559, 0.009984)
(-0.047288, 0.032177, 0.013086)
(-0.047288, 0.032177, 0.011064)
(-0.047288, 0.038564, 0.014570)
(-0.047288, 0.038565, 0.012776)
(-0.047288, 0.045849, 0.012618)
(-0.047288, 0.044952, 0.011064)
(-0.047288, 0.051182, 0.007285)
(-0.047288, 0.049628, 0.006388)
(-0.047288, 0.053134, 0.000000)
(-0.047288, 0.051340, 0.000000)
(-0.047288, 0.049629, -0.006387)
(-0.047288, 0.051182, -0.007284)
(-0.047288, 0.044952, -0.011064)
(-0.047288, 0.045849, -0.012617)
(-0.047288, 0.038565, -0.012775)
(-0.047288, 0.038565, -0.014569)
(-0.047288, 0.032177, -0.011064)
(-0.047288, 0.032177, -0.013085)
(-0.047288, 0.027501, -0.006387)
(-0.047288, 0.027559, -0.009983)
(-0.047288, 0.025643, -0.009211)
(-0.047288, 0.020821, -0.006353)
(-0.047288, 0.023726, -0.009772)
(-0.047288, 0.020821, -0.012159)
(-0.047288, 0.025789, 0.000000)
(-0.047288, 0.019026, -0.006353)
(-0.047288, 0.019026, 0.006354)
(-0.050522, 0.019435, 0.008334)
(-0.052366, 0.017513, 0.008334)
(-0.052366, 0.017513, 0.012159)
(-0.050522, 0.019435, 0.012159)
(-0.050007, 0.017930, 0.008335)
(-0.050522, 0.019435, 0.008334)
(-0.047288, 0.020821, 0.006354)
(-0.047288, 0.019026, 0.006354)
(-0.047288, 0.020821, 0.006354)
(-0.050522, 0.019435, 0.008334)
(-0.050522, 0.019435, 0.012159)
(-0.047288, 0.020821, 0.012159)
(-0.047359, 0.008191, 0.012159)
(-0.050522, 0.009269, 0.012159)
(-0.050522, 0.009269, 0.008334)
(-0.047359, 0.008191, 0.008334)
(-0.052365, 0.012163, 0.008334)
(-0.052365, 0.012163, 0.012159)
(-0.052366, 0.017513, 0.012159)
(-0.052366, 0.017513, 0.008334)
(-0.050522, 0.009269, 0.012159)
(-0.052365, 0.012163, 0.012159)
(-0.052365, 0.012163, 0.008334)
(-0.050522, 0.009269, 0.008334)
(-0.044710, 0.012633, 0.012159)
(-0.047359, 0.011536, 0.008335)
(-0.047359, 0.011536, 0.012159)
(-0.047359, 0.011536, -0.008334)
(-0.044711, 0.012633, -0.012159)
(-0.047359, 0.011536, -0.012159)
(-0.050007, 0.012633, 0.012159)
(-0.047359, 0.011536, 0.012159)
(-0.047359, 0.011536, 0.008335)
(-0.050007, 0.012633, 0.008335)
(-0.050007, 0.012633, 0.012159)
(-0.050007, 0.012633, 0.008335)
(-0.051104, 0.015281, 0.008335)
(-0.051104, 0.015281, 0.012159)
(-0.051104, 0.015281, 0.008335)
(-0.050007, 0.017930, 0.008335)
(-0.050007, 0.017930, 0.012159)
(-0.051104, 0.015281, 0.012159)
(-0.050007, 0.017930, 0.008335)
(-0.047288, 0.019026, 0.006354)
(-0.047288, 0.019026, 0.012159)
(-0.050007, 0.017930, 0.012159)
(-0.047288, 0.019026, 0.006354)
(-0.044711, 0.017929, 0.012159)
(-0.047288, 0.019026, 0.012159)
(-0.047288, 0.019026, -0.006353)
(-0.044711, 0.017929, -0.012159)
(-0.047288, 0.019026, -0.012159)
(-0.009355, 0.016468, 0.012159)
(-0.009355, 0.023726, 0.009772)
(-0.009355, 0.020821, 0.012159)
(-0.009355, 0.023726, 0.006388)
(-0.009356, 0.023726, -0.006388)
(-0.009356, 0.023726, -0.009772)
(-0.009356, 0.020821, -0.012159)
(-0.009356, 0.016468, -0.012159)
(-0.009355, 0.020821, 0.012159)
(-0.009355, 0.023726, 0.009772)
(-0.047288, 0.023726, 0.009772)
(-0.047288, 0.020821, 0.012159)
(-0.034151, 0.044952, 0.011064)
(-0.034151, 0.051182, 0.007285)
(-0.034151, 0.045849, 0.012618)
(-0.034151, 0.049629, 0.006388)
(-0.034151, 0.053134, 0.000000)
(-0.034151, 0.051340, 0.000000)
(-0.034151, 0.049629, -0.006387)
(-0.034151, 0.051182, -0.007285)
(-0.034151, 0.044953, -0.011064)
(-0.034151, 0.045849, -0.012617)
(-0.034151, 0.049629, 0.006388)
(-0.047288, 0.049628, 0.006388)
(-0.047288, 0.051340, 0.000000)
(-0.034151, 0.051340, 0.000000)
(-0.031778, 0.038565, 0.014570)
(-0.047288, 0.038564, 0.014570)
(-0.047288, 0.032177, 0.013086)
(-0.027132, 0.032177, 0.013086)
(-0.034151, 0.044952, 0.011064)
(-0.047288, 0.044952, 0.011064)
(-0.047288, 0.049628, 0.006388)
(-0.034151, 0.049629, 0.006388)
(-0.031778, 0.038565, 0.012776)
(-0.047288, 0.038565, 0.012776)
(-0.047288, 0.044952, 0.011064)
(-0.034151, 0.044952, 0.011064)
(-0.027132, 0.032177, 0.011064)
(-0.047288, 0.032177, 0.011064)
(-0.047288, 0.038565, 0.012776)
(-0.031778, 0.038565, 0.012776)
(-0.030541, 0.027501, 0.006388)
(-0.047288, 0.027501, 0.006388)
(-0.047288, 0.032177, 0.011064)
(-0.027132, 0.032177, 0.011064)
(-0.021244, 0.027530, 0.006388)
(-0.034151, 0.053134, 0.000000)
(-0.047288, 0.053134, 0.000000)
(-0.047288, 0.051182, 0.007285)
(-0.034151, 0.051182, 0.007285)
(-0.034151, 0.051182, 0.007285)
(-0.047288, 0.051182, 0.007285)
(-0.047288, 0.045849, 0.012618)
(-0.034151, 0.045849, 0.012618)
(-0.034151, 0.045849, 0.012618)
(-0.047288, 0.045849, 0.012618)
(-0.047288, 0.038564, 0.014570)
(-0.031778, 0.038565, 0.014570)
(-0.027132, 0.032177, 0.013086)
(-0.047288, 0.032177, 0.013086)
(-0.047288, 0.027559, 0.009984)
(-0.021244, 0.027530, 0.009984)
(-0.015524, 0.025643, 0.009211)
(-0.047288, 0.025643, 0.009211)
(-0.047288, 0.023726, 0.009772)
(-0.009355, 0.023726, 0.009772)
(-0.042298, 0.009351, 0.012159)
(-0.042298, 0.009351, 0.010317)
(-0.043154, 0.009851, 0.010317)
(-0.043154, 0.009851, 0.012159)
(-0.043154, 0.009851, 0.010317)
(-0.042298, 0.009351, 0.010317)
(-0.030853, 0.009351, 0.010317)
(-0.029999, 0.009851, 0.010317)
(-0.043154, 0.012152, 0.010318)
(-0.029999, 0.012152, 0.010317)
(-0.042298, 0.012651, 0.010318)
(-0.030853, 0.012651, 0.010317)
(-0.043154, 0.012152, 0.012159)
(-0.043154, 0.012152, 0.010318)
(-0.042298, 0.012651, 0.010318)
(-0.042299, 0.012651, 0.012159)
(-0.030853, 0.012651, 0.012159)
(-0.030853, 0.012651, 0.010317)
(-0.029999, 0.012152, 0.010317)
(-0.029999, 0.012152, 0.012159)
(-0.029999, 0.009851, 0.012159)
(-0.029999, 0.009851, 0.010317)
(-0.030853, 0.009351, 0.010317)
(-0.030853, 0.009351, 0.012159)
(-0.030853, 0.009351, 0.012159)
(-0.030853, 0.009351, 0.010317)
(-0.042298, 0.009351, 0.010317)
(-0.042298, 0.009351, 0.012159)
(-0.043154, 0.009851, 0.012159)
(-0.043154, 0.009851, 0.010317)
(-0.043154, 0.012152, 0.010318)
(-0.043154, 0.012152, 0.012159)
(-0.042299, 0.012651, 0.012159)
(-0.042298, 0.012651, 0.010318)
(-0.030853, 0.012651, 0.010317)
(-0.030853, 0.012651, 0.012159)
(-0.029999, 0.012152, 0.012159)
(-0.029999, 0.012152, 0.010317)
(-0.029999, 0.009851, 0.010317)
(-0.029999, 0.009851, 0.012159)
(0.002233, 0.008191, 0.009123)
(0.003995, 0.008191, 0.007661)
(0.006112, 0.011078, 0.007661)
(0.004350, 0.011078, 0.009123)
(0.000576, 0.008191, 0.012159)
(0.002233, 0.008191, 0.009123)
(0.004350, 0.011078, 0.009123)
(0.002692, 0.011078, 0.012159)
(-0.040732, 0.025789, 0.000000)
(-0.047288, 0.027501, -0.006387)
(-0.047288, 0.025789, 0.000000)
(-0.039446, 0.026621, -0.003103)
(-0.036344, 0.026965, -0.004388)
(-0.030541, 0.027501, -0.006388)
(-0.033241, 0.026621, -0.003103)
(-0.031955, 0.025789, 0.000000)
(-0.030541, 0.025789, 0.000000)
(-0.034151, 0.044952, 0.011064)
(-0.034151, 0.045849, 0.012618)
(-0.031778, 0.038565, 0.014570)
(-0.031778, 0.038565, 0.012776)
(-0.031778, 0.038565, 0.012776)
(-0.031778, 0.038565, 0.014570)
(-0.027132, 0.032177, 0.013086)
(-0.027132, 0.032177, 0.011064)
(-0.021244, 0.027530, 0.006388)
(-0.027132, 0.032177, 0.011064)
(-0.027132, 0.032177, 0.013086)
(-0.021244, 0.027530, 0.009984)
(-0.015524, 0.025613, 0.006388)
(-0.009355, 0.023726, 0.009772)
(-0.009355, 0.023726, 0.006388)
(-0.015524, 0.025643, 0.009211)
(-0.021244, 0.027530, 0.006388)
(-0.021244, 0.027530, 0.009984)
(-0.030541, 0.023726, 0.006388)
(-0.030541, 0.025789, 0.000000)
(-0.030541, 0.027501, 0.006388)
(-0.030541, 0.027501, -0.006388)
(-0.030541, 0.023726, -0.006388)
(-0.030541, 0.023726, 0.006388)
(-0.015524, 0.025613, 0.006388)
(-0.009355, 0.023726, 0.006388)
(-0.030541, 0.027501, 0.006388)
(-0.021244, 0.027530, 0.006388)
(-0.021244, 0.027530, 0.009984)
(-0.047288, 0.027559, 0.009984)
(-0.047288, 0.025643, 0.009211)
(-0.015524, 0.025643, 0.009211)
(0.045448, 0.021209, 0.006495)
(0.044347, 0.021209, 0.007660)
(0.044347, 0.008192, 0.007660)
(0.045448, 0.008192, 0.006495)
(0.015754, 0.022244, 0.006857)
(0.015754, 0.021209, 0.007661)
(0.044347, 0.021209, 0.007660)
(0.044616, 0.022244, 0.006857)
(0.002692, 0.011077, -0.012159)
(0.002692, 0.019875, -0.012159)
(0.004349, 0.019875, -0.009123)
(0.004350, 0.011078, -0.009123)
(0.000575, 0.008191, -0.012159)
(0.002692, 0.019875, -0.012159)
(0.002692, 0.011077, -0.012159)
(-0.007169, 0.015118, -0.012159)
(-0.007169, 0.019875, -0.012159)
(-0.008502, 0.014095, -0.012159)
(-0.029999, 0.009851, -0.012159)
(-0.029999, 0.012152, -0.012159)
(-0.030854, 0.009351, -0.012159)
(-0.030854, 0.012651, -0.012159)
(-0.042299, 0.009351, -0.012159)
(-0.044106, 0.014094, -0.012159)
(-0.042299, 0.012651, -0.012159)
(-0.044711, 0.012633, -0.012159)
(-0.043154, 0.012152, -0.012159)
(-0.047359, 0.008191, -0.012159)
(-0.047359, 0.011536, -0.012159)
(-0.043154, 0.009851, -0.012159)
(-0.050007, 0.012633, -0.012159)
(-0.050522, 0.009269, -0.012159)
(-0.051104, 0.015281, -0.012159)
(-0.052365, 0.012162, -0.012159)
(-0.052366, 0.017513, -0.012159)
(-0.050007, 0.017929, -0.012159)
(-0.050522, 0.019435, -0.012159)
(-0.047288, 0.019026, -0.012159)
(-0.047288, 0.020821, -0.012159)
(-0.009356, 0.020821, -0.012159)
(-0.044711, 0.017929, -0.012159)
(-0.009356, 0.016468, -0.012159)
(-0.044106, 0.016468, -0.012159)
(0.004350, 0.011078, -0.009123)
(0.004349, 0.019875, -0.009123)
(0.006111, 0.019875, -0.007661)
(0.006112, 0.011078, -0.007661)
(0.015754, 0.022244, -0.006858)
(0.015754, 0.022244, 0.006857)
(0.044616, 0.022244, 0.006857)
(0.044617, 0.022244, -0.006858)
(-0.008502, 0.014095, -0.012159)
(-0.008502, 0.014095, 0.012159)
(-0.007169, 0.015118, 0.012159)
(-0.007169, 0.015118, -0.012159)
(0.006112, 0.011078, -0.007661)
(0.006111, 0.019875, -0.007661)
(0.015754, 0.019875, -0.007661)
(0.044347, 0.008192, -0.007661)
(0.003995, 0.008191, -0.007661)
(0.044347, 0.021209, -0.007661)
(0.015754, 0.021209, -0.007661)
(-0.052366, 0.017513, -0.008334)
(-0.050007, 0.017929, -0.008334)
(-0.050522, 0.019435, -0.008334)
(-0.051104, 0.015281, -0.008334)
(-0.052366, 0.012162, -0.008334)
(-0.050007, 0.012633, -0.008334)
(-0.050522, 0.009269, -0.008334)
(-0.047359, 0.011536, -0.008334)
(-0.047359, 0.008191, -0.008334)
(-0.050522, 0.019435, -0.008334)
(-0.050522, 0.019435, -0.012159)
(-0.052366, 0.017513, -0.012159)
(-0.052366, 0.017513, -0.008334)
(-0.050007, 0.017929, -0.008334)
(-0.047288, 0.019026, -0.006353)
(-0.047288, 0.020821, -0.006353)
(-0.050522, 0.019435, -0.008334)
(-0.047288, 0.020821, -0.006353)
(-0.047288, 0.020821, -0.012159)
(-0.050522, 0.019435, -0.012159)
(-0.050522, 0.019435, -0.008334)
(-0.047359, 0.008191, -0.012159)
(-0.047359, 0.008191, -0.008334)
(-0.050522, 0.009269, -0.008334)
(-0.050522, 0.009269, -0.012159)
(-0.052366, 0.012162, -0.008334)
(-0.052366, 0.017513, -0.008334)
(-0.052366, 0.017513, -0.012159)
(-0.052365, 0.012162, -0.012159)
(-0.050522, 0.009269, -0.012159)
(-0.050522, 0.009269, -0.008334)
(-0.052366, 0.012162, -0.008334)
(-0.052365, 0.012162, -0.012159)
(-0.044711, 0.012633, -0.012159)
(-0.044710, 0.012633, 0.012159)
(-0.044106, 0.014095, 0.012159)
(-0.044106, 0.014094, -0.012159)
(-0.008502, 0.014095, -0.012159)
(-0.044106, 0.014094, -0.012159)
(-0.044106, 0.014095, 0.012159)
(-0.008502, 0.014095, 0.012159)
(-0.047359, 0.008191, -0.008334)
(-0.047359, 0.008191, 0.008334)
(-0.047359, 0.011536, 0.008335)
(-0.047359, 0.011536, -0.008334)
(-0.050007, 0.012633, -0.012159)
(-0.050007, 0.012633, -0.008334)
(-0.047359, 0.011536, -0.008334)
(-0.047359, 0.011536, -0.012159)
(-0.050007, 0.012633, -0.012159)
(-0.051104, 0.015281, -0.012159)
(-0.051104, 0.015281, -0.008334)
(-0.050007, 0.012633, -0.008334)
(-0.051104, 0.015281, -0.008334)
(-0.051104, 0.015281, -0.012159)
(-0.050007, 0.017929, -0.012159)
(-0.050007, 0.017929, -0.008334)
(-0.050007, 0.017929, -0.008334)
(-0.050007, 0.017929, -0.012159)
(-0.047288, 0.019026, -0.012159)
(-0.047288, 0.019026, -0.006353)
(-0.044106, 0.016468, -0.012159)
(-0.009356, 0.016468, -0.012159)
(-0.009355, 0.016468, 0.012159)
(-0.044106, 0.016468, 0.012159)
(-0.044711, 0.017929, -0.012159)
(-0.044106, 0.016468, -0.012159)
(-0.044106, 0.016468, 0.012159)
(-0.044711, 0.017929, 0.012159)
(-0.009356, 0.020821, -0.012159)
(-0.047288, 0.020821, -0.012159)
(-0.047288, 0.023726, -0.009772)
(-0.009356, 0.023726, -0.009772)
(-0.034151, 0.049629, -0.006387)
(-0.034151, 0.051340, 0.000000)
(-0.047288, 0.051340, 0.000000)
(-0.047288, 0.049629, -0.006387)
(-0.031778, 0.038565, -0.014569)
(-0.027132, 0.032177, -0.013085)
(-0.047288, 0.032177, -0.013085)
(-0.047288, 0.038565, -0.014569)
(-0.034151, 0.044953, -0.011064)
(-0.034151, 0.049629, -0.006387)
(-0.047288, 0.049629, -0.006387)
(-0.047288, 0.044952, -0.011064)
(-0.031778, 0.038565, -0.012775)
(-0.034151, 0.044953, -0.011064)
(-0.047288, 0.044952, -0.011064)
(-0.047288, 0.038565, -0.012775)
(-0.027132, 0.032177, -0.011064)
(-0.031778, 0.038565, -0.012775)
(-0.047288, 0.038565, -0.012775)
(-0.047288, 0.032177, -0.011064)
(-0.030541, 0.027501, -0.006388)
(-0.047288, 0.032177, -0.011064)
(-0.047288, 0.027501, -0.006387)
(-0.027132, 0.032177, -0.011064)
(-0.021244, 0.027530, -0.006388)
(-0.034151, 0.053134, 0.000000)
(-0.034151, 0.051182, -0.007285)
(-0.047288, 0.051182, -0.007284)
(-0.047288, 0.053134, 0.000000)
(-0.034151, 0.051182, -0.007285)
(-0.034151, 0.045849, -0.012617)
(-0.047288, 0.045849, -0.012617)
(-0.047288, 0.051182, -0.007284)
(-0.034151, 0.045849, -0.012617)
(-0.031778, 0.038565, -0.014569)
(-0.047288, 0.038565, -0.014569)
(-0.047288, 0.045849, -0.012617)
(-0.027132, 0.032177, -0.013085)
(-0.021244, 0.027530, -0.009984)
(-0.047288, 0.027559, -0.009983)
(-0.047288, 0.032177, -0.013085)
(-0.015524, 0.025643, -0.009211)
(-0.009356, 0.023726, -0.009772)
(-0.047288, 0.023726, -0.009772)
(-0.047288, 0.025643, -0.009211)
(-0.042299, 0.009351, -0.012159)
(-0.043154, 0.009851, -0.012159)
(-0.043154, 0.009851, -0.010317)
(-0.042299, 0.009351, -0.010317)
(-0.030854, 0.009352, -0.010317)
(-0.042299, 0.009351, -0.010317)
(-0.043154, 0.009851, -0.010317)
(-0.029999, 0.009851, -0.010317)
(-0.043154, 0.012152, -0.010317)
(-0.029999, 0.012152, -0.010317)
(-0.042299, 0.012651, -0.010317)
(-0.030854, 0.012651, -0.010317)
(-0.043154, 0.012152, -0.012159)
(-0.042299, 0.012651, -0.012159)
(-0.042299, 0.012651, -0.010317)
(-0.043154, 0.012152, -0.010317)
(-0.030854, 0.012651, -0.012159)
(-0.029999, 0.012152, -0.012159)
(-0.029999, 0.012152, -0.010317)
(-0.030854, 0.012651, -0.010317)
(-0.029999, 0.009851, -0.012159)
(-0.030854, 0.009351, -0.012159)
(-0.030854, 0.009352, -0.010317)
(-0.029999, 0.009851, -0.010317)
(-0.030854, 0.009351, -0.012159)
(-0.042299, 0.009351, -0.012159)
(-0.042299, 0.009351, -0.010317)
(-0.030854, 0.009352, -0.010317)
(-0.043154, 0.009851, -0.012159)
(-0.043154, 0.012152, -0.012159)
(-0.043154, 0.012152, -0.010317)
(-0.043154, 0.009851, -0.010317)
(-0.042299, 0.012651, -0.012159)
(-0.030854, 0.012651, -0.012159)
(-0.030854, 0.012651, -0.010317)
(-0.042299, 0.012651, -0.010317)
(-0.029999, 0.012152, -0.012159)
(-0.029999, 0.009851, -0.012159)
(-0.029999, 0.009851, -0.010317)
(-0.029999, 0.012152, -0.010317)
(0.045447, 0.008192, -0.006495)
(0.045447, 0.021209, -0.006495)
(0.045448, 0.021209, 0.006495)
(0.045448, 0.008192, 0.006495)
(0.002233, 0.008192, -0.009123)
(0.004350, 0.011078, -0.009123)
(0.006112, 0.011078, -0.007661)
(0.003995, 0.008191, -0.007661)
(0.000575, 0.008191, -0.012159)
(0.002692, 0.011077, -0.012159)
(0.004350, 0.011078, -0.009123)
(0.002233, 0.008192, -0.009123)
(-0.034151, 0.044953, -0.011064)
(-0.031778, 0.038565, -0.012775)
(-0.031778, 0.038565, -0.014569)
(-0.034151, 0.045849, -0.012617)
(-0.031778, 0.038565, -0.012775)
(-0.027132, 0.032177, -0.011064)
(-0.027132, 0.032177, -0.013085)
(-0.031778, 0.038565, -0.014569)
(-0.021244, 0.027530, -0.006388)
(-0.021244, 0.027530, -0.009984)
(-0.027132, 0.032177, -0.013085)
(-0.027132, 0.032177, -0.011064)
(-0.015524, 0.025613, -0.006388)
(-0.009356, 0.023726, -0.006388)
(-0.009356, 0.023726, -0.009772)
(-0.015524, 0.025643, -0.009211)
(-0.021244, 0.027530, -0.006388)
(-0.021244, 0.027530, -0.009984)
(-0.009355, 0.023726, 0.006388)
(-0.009356, 0.023726, -0.006388)
(-0.030541, 0.023726, -0.006388)
(-0.030541, 0.023726, 0.006388)
(-0.030541, 0.023726, -0.006388)
(-0.009356, 0.023726, -0.006388)
(-0.015524, 0.025613, -0.006388)
(-0.030541, 0.027501, -0.006388)
(-0.021244, 0.027530, -0.006388)
(-0.021244, 0.027530, -0.009984)
(-0.015524, 0.025643, -0.009211)
(-0.047288, 0.025643, -0.009211)
(-0.047288, 0.027559, -0.009983)
(0.045447, 0.021209, -0.006495)
(0.045447, 0.008192, -0.006495)
(0.044347, 0.008192, -0.007661)
(0.044347, 0.021209, -0.007661)
(0.015754, 0.022244, -0.006858)
(0.044617, 0.022244, -0.006858)
(0.044347, 0.021209, -0.007661)
(0.015754, 0.021209, -0.007661)
(0.044617, 0.022244, -0.006858)
(0.044616, 0.022244, 0.006857)
(0.045448, 0.021209, 0.006495)
(0.045447, 0.021209, -0.006495)
(-0.030541, 0.025789, 0.000000)
(-0.031955, 0.025789, 0.000000)
(-0.033241, 0.026621, 0.003103)
(-0.030541, 0.027501, 0.006388)
(-0.036344, 0.026965, 0.004388)
(-0.047288, 0.027501, 0.006388)
(-0.039446, 0.026621, 0.003103)
(-0.047288, 0.025789, 0.000000)
(-0.040732, 0.025789, 0.000000)
(-0.033241, 0.026621, -0.003103)
(-0.033241, 0.023095, -0.003103)
(-0.031955, 0.023095, 0.000000)
(-0.031955, 0.025789, 0.000000)
(-0.033241, 0.023095, 0.003103)
(-0.031955, 0.023095, 0.000000)
(-0.033241, 0.023095, -0.003103)
(-0.036344, 0.023095, 0.004388)
(-0.036344, 0.023095, -0.004388)
(-0.039446, 0.023095, 0.003103)
(-0.039446, 0.023095, -0.003103)
(-0.040732, 0.023095, 0.000000)
(-0.033241, 0.026621, 0.003103)
(-0.033241, 0.023095, 0.003103)
(-0.036344, 0.023095, 0.004388)
(-0.036344, 0.026965, 0.004388)
(-0.039446, 0.026621, 0.003103)
(-0.039446, 0.023095, 0.003103)
(-0.040732, 0.023095, 0.000000)
(-0.040732, 0.025789, 0.000000)
(-0.040732, 0.025789, 0.000000)
(-0.040732, 0.023095, 0.000000)
(-0.039446, 0.023095, -0.003103)
(-0.039446, 0.026621, -0.003103)
(-0.036344, 0.026965, -0.004388)
(-0.036344, 0.023095, -0.004388)
(-0.033241, 0.023095, -0.003103)
(-0.033241, 0.026621, -0.003103)
(-0.031955, 0.025789, 0.000000)
(-0.031955, 0.023095, 0.000000)
(-0.033241, 0.023095, 0.003103)
(-0.033241, 0.026621, 0.003103)
(-0.036344, 0.026965, 0.004388)
(-0.036344, 0.023095, 0.004388)
(-0.039446, 0.023095, 0.003103)
(-0.039446, 0.026621, 0.003103)
(-0.039446, 0.026621, -0.003103)
(-0.039446, 0.023095, -0.003103)
(-0.036344, 0.023095, -0.004388)
(-0.036344, 0.026965, -0.004388)
(0.044347, 0.008192, 0.007660)
(0.045447, 0.008192, -0.006495)
(0.045448, 0.008192, 0.006495)
(0.044347, 0.008192, -0.007661)
(0.003995, 0.008191, 0.007661)
(0.003995, 0.008191, -0.007661)
(0.002233, 0.008191, 0.009123)
(0.002233, 0.008192, -0.009123)
(0.000576, 0.008191, 0.012159)
(0.000575, 0.008191, -0.012159)
(-0.047359, 0.008191, -0.008334)
(-0.047359, 0.008191, -0.012159)
(-0.047359, 0.008191, 0.008334)
(-0.047359, 0.008191, 0.012159)
(-0.037996, 0.004659, 0.017508)
(-0.038437, 0.002002, 0.018548)
(-0.036692, 0.000914, 0.018548)
(-0.034501, 0.002480, 0.017508)
(-0.041217, -0.006998, 0.016213)
(-0.041217, -0.006998, 0.017508)
(-0.044712, -0.004820, 0.017508)
(-0.044712, -0.004820, 0.016213)
(-0.033416, -0.002199, 0.016213)
(-0.033416, -0.002199, 0.017508)
(-0.035958, -0.006275, 0.017508)
(-0.035958, -0.006275, 0.016213)
(-0.037996, 0.004659, 0.016213)
(-0.037996, 0.004659, 0.017508)
(-0.034501, 0.002480, 0.017508)
(-0.034501, 0.002480, 0.016213)
(-0.045798, -0.000141, 0.016213)
(-0.045798, -0.000141, 0.017508)
(-0.043256, 0.003935, 0.017508)
(-0.043256, 0.003935, 0.016213)
(-0.044712, -0.004820, 0.016213)
(-0.044712, -0.004820, 0.017508)
(-0.045798, -0.000141, 0.017508)
(-0.045798, -0.000141, 0.016213)
(-0.039970, -0.007206, 0.016213)
(-0.039970, -0.007206, 0.017508)
(-0.041217, -0.006998, 0.017508)
(-0.041217, -0.006998, 0.016213)
(-0.034501, 0.002480, 0.016213)
(-0.034501, 0.002480, 0.017508)
(-0.033416, -0.002199, 0.017508)
(-0.033416, -0.002199, 0.016213)
(-0.045798, -0.000141, 0.017508)
(-0.043142, -0.000582, 0.018548)
(-0.041691, 0.001745, 0.018548)
(-0.043256, 0.003935, 0.017508)
(-0.044712, -0.004820, 0.017508)
(-0.042522, -0.003254, 0.018548)
(-0.043142, -0.000582, 0.018548)
(-0.045798, -0.000141, 0.017508)
(-0.034501, 0.002480, 0.017508)
(-0.036692, 0.000914, 0.018548)
(-0.036072, -0.001758, 0.018548)
(-0.033416, -0.002199, 0.017508)
(-0.037996, 0.004659, 0.017508)
(-0.038696, 0.000450, 0.018548)
(-0.038437, 0.002002, 0.018548)
(-0.038696, 0.000450, 0.017511)
(-0.041217, -0.006998, 0.017508)
(-0.040776, -0.004342, 0.018548)
(-0.042522, -0.003254, 0.018548)
(-0.044712, -0.004820, 0.017508)
(-0.033416, -0.002199, 0.017508)
(-0.036072, -0.001758, 0.018548)
(-0.037523, -0.004085, 0.018548)
(-0.035958, -0.006275, 0.017508)
(-0.043256, 0.003935, 0.017508)
(-0.041691, 0.001745, 0.018548)
(-0.039687, 0.002210, 0.018548)
(-0.039244, 0.004866, 0.017508)
(-0.043256, 0.003935, 0.016213)
(-0.043256, 0.003935, 0.017508)
(-0.039244, 0.004866, 0.017508)
(-0.039244, 0.004866, 0.016213)
(-0.039244, 0.004866, 0.016213)
(-0.039244, 0.004866, 0.017508)
(-0.037996, 0.004659, 0.017508)
(-0.037996, 0.004659, 0.016213)
(-0.039687, 0.002210, 0.018548)
(-0.039945, 0.000658, 0.018548)
(-0.039244, 0.004866, 0.017508)
(-0.039945, 0.000658, 0.017511)
(-0.035958, -0.006275, 0.017508)
(-0.037523, -0.004085, 0.018548)
(-0.039526, -0.004550, 0.018548)
(-0.039970, -0.007206, 0.017508)
(-0.035958, -0.006275, 0.016213)
(-0.035958, -0.006275, 0.017508)
(-0.039970, -0.007206, 0.017508)
(-0.039970, -0.007206, 0.016213)
(-0.041691, 0.001745, 0.018548)
(-0.039945, 0.000658, 0.018548)
(-0.039687, 0.002210, 0.018548)
(-0.040775, 0.000465, 0.018548)
(-0.043142, -0.000582, 0.018548)
(-0.041590, -0.000840, 0.018548)
(-0.042522, -0.003254, 0.018548)
(-0.041242, -0.002339, 0.018548)
(-0.040776, -0.004342, 0.018548)
(-0.040518, -0.002790, 0.018548)
(-0.040518, -0.002790, 0.018548)
(-0.040776, -0.004342, 0.018548)
(-0.041217, -0.006998, 0.017508)
(-0.040518, -0.002790, 0.017511)
(-0.041242, -0.002339, 0.018548)
(-0.041242, -0.002339, 0.017511)
(-0.041590, -0.000840, 0.017511)
(-0.041590, -0.000840, 0.018548)
(-0.039970, -0.007206, 0.017508)
(-0.039526, -0.004550, 0.018548)
(-0.039269, -0.002998, 0.018548)
(-0.039269, -0.002998, 0.017511)
(-0.037523, -0.004085, 0.018548)
(-0.039269, -0.002998, 0.018548)
(-0.039526, -0.004550, 0.018548)
(-0.038438, -0.002805, 0.018548)
(-0.036072, -0.001758, 0.018548)
(-0.037624, -0.001500, 0.018548)
(-0.036692, 0.000914, 0.018548)
(-0.037972, -0.000001, 0.018548)
(-0.038437, 0.002002, 0.018548)
(-0.038696, 0.000450, 0.018548)
(-0.037624, -0.001500, 0.018548)
(-0.037624, -0.001500, 0.017511)
(-0.038438, -0.002805, 0.017511)
(-0.038438, -0.002805, 0.018548)
(-0.040518, -0.002790, 0.018548)
(-0.040518, -0.002790, 0.017511)
(-0.041242, -0.002339, 0.017511)
(-0.041242, -0.002339, 0.018548)
(-0.037972, -0.000001, 0.018548)
(-0.037972, -0.000001, 0.017511)
(-0.037624, -0.001500, 0.017511)
(-0.037624, -0.001500, 0.018548)
(-0.040775, 0.000465, 0.018548)
(-0.040775, 0.000465, 0.017511)
(-0.039945, 0.000658, 0.017511)
(-0.039945, 0.000658, 0.018548)
(-0.038696, 0.000450, 0.018548)
(-0.038696, 0.000450, 0.017511)
(-0.037972, -0.000001, 0.017511)
(-0.037972, -0.000001, 0.018548)
(-0.038438, -0.002805, 0.018548)
(-0.038438, -0.002805, 0.017511)
(-0.039269, -0.002998, 0.017511)
(-0.039269, -0.002998, 0.018548)
(-0.041590, -0.000840, 0.018548)
(-0.041590, -0.000840, 0.017511)
(-0.040775, 0.000465, 0.017511)
(-0.040775, 0.000465, 0.018548)
(-0.041217, -0.006998, 0.017508)
(-0.039970, -0.007206, 0.017508)
(-0.039269, -0.002998, 0.017511)
(-0.040518, -0.002790, 0.017511)
(-0.041242, -0.002339, 0.017511)
(-0.038438, -0.002805, 0.017511)
(-0.037624, -0.001500, 0.017511)
(-0.041590, -0.000840, 0.017511)
(-0.037972, -0.000001, 0.017511)
(-0.040775, 0.000465, 0.017511)
(-0.039945, 0.000658, 0.017511)
(-0.038696, 0.000450, 0.017511)
(-0.039244, 0.004866, 0.017508)
(-0.037996, 0.004659, 0.017508)
(-0.039257, 0.000094, 0.016213)
(-0.039258, 0.000094, -0.018910)
(-0.039528, 0.000139, -0.018910)
(-0.039528, 0.000139, 0.016213)
(-0.038816, -0.002277, -0.018910)
(-0.039685, -0.002479, -0.018910)
(-0.039956, -0.002434, -0.018910)
(-0.040714, -0.001962, -0.018910)
(-0.038264, -0.001393, -0.018910)
(-0.040950, -0.000947, -0.018910)
(-0.038500, -0.000378, -0.018910)
(-0.040399, -0.000063, -0.018910)
(-0.039258, 0.000094, -0.018910)
(-0.039528, 0.000139, -0.018910)
(-0.039956, -0.002434, 0.016213)
(-0.039956, -0.002434, -0.018910)
(-0.039685, -0.002479, -0.018910)
(-0.039685, -0.002479, 0.016213)
(-0.038815, -0.002277, 0.016213)
(-0.038816, -0.002277, -0.018910)
(-0.038264, -0.001393, -0.018910)
(-0.038264, -0.001393, 0.016213)
(-0.040399, -0.000063, 0.016213)
(-0.040399, -0.000063, -0.018910)
(-0.040950, -0.000947, -0.018910)
(-0.040950, -0.000947, 0.016213)
(-0.038499, -0.000378, 0.016213)
(-0.038500, -0.000378, -0.018910)
(-0.039258, 0.000094, -0.018910)
(-0.039257, 0.000094, 0.016213)
(-0.039685, -0.002479, 0.016213)
(-0.039685, -0.002479, -0.018910)
(-0.038816, -0.002277, -0.018910)
(-0.038815, -0.002277, 0.016213)
(-0.039528, 0.000139, 0.016213)
(-0.039528, 0.000139, -0.018910)
(-0.040399, -0.000063, -0.018910)
(-0.040399, -0.000063, 0.016213)
(-0.040714, -0.001962, 0.016213)
(-0.040714, -0.001962, -0.018910)
(-0.039956, -0.002434, -0.018910)
(-0.039956, -0.002434, 0.016213)
(-0.040950, -0.000947, 0.016213)
(-0.040950, -0.000947, -0.018910)
(-0.040714, -0.001962, -0.018910)
(-0.040714, -0.001962, 0.016213)
(-0.038264, -0.001393, 0.016213)
(-0.038264, -0.001393, -0.018910)
(-0.038500, -0.000378, -0.018910)
(-0.038499, -0.000378, 0.016213)
(0.041109, 0.003722, 0.017507)
(0.039764, 0.001389, 0.018547)
(0.041015, -0.000242, 0.018547)
(0.043616, 0.000455, 0.017507)
(0.034000, -0.006061, 0.016212)
(0.034000, -0.006061, 0.017507)
(0.031493, -0.002794, 0.017507)
(0.031493, -0.002794, 0.016212)
(0.042990, -0.004307, 0.016212)
(0.042990, -0.004307, 0.017507)
(0.039179, -0.007231, 0.017507)
(0.039179, -0.007231, 0.016212)
(0.041109, 0.003722, 0.016212)
(0.041109, 0.003722, 0.017507)
(0.043616, 0.000455, 0.017507)
(0.043616, 0.000455, 0.016212)
(0.032120, 0.001968, 0.016212)
(0.032120, 0.001968, 0.017507)
(0.035930, 0.004892, 0.017507)
(0.035930, 0.004892, 0.016212)
(0.031493, -0.002794, 0.016212)
(0.031493, -0.002794, 0.017507)
(0.032120, 0.001968, 0.017507)
(0.032120, 0.001968, 0.016212)
(0.035096, -0.006694, 0.016212)
(0.035096, -0.006694, 0.017507)
(0.034000, -0.006061, 0.017507)
(0.034000, -0.006061, 0.016212)
(0.043616, 0.000455, 0.016212)
(0.043616, 0.000455, 0.017507)
(0.042990, -0.004307, 0.017507)
(0.042990, -0.004307, 0.016212)
(0.032120, 0.001968, 0.017507)
(0.034452, 0.000622, 0.018547)
(0.036628, 0.002291, 0.018547)
(0.035930, 0.004892, 0.017507)
(0.031493, -0.002794, 0.017507)
(0.034094, -0.002097, 0.018547)
(0.034452, 0.000622, 0.018547)
(0.032120, 0.001968, 0.017507)
(0.043616, 0.000455, 0.017507)
(0.041015, -0.000242, 0.018547)
(0.040658, -0.002961, 0.018547)
(0.042990, -0.004307, 0.017507)
(0.041109, 0.003722, 0.017507)
(0.038977, 0.000027, 0.018547)
(0.039764, 0.001389, 0.018547)
(0.038977, 0.000027, 0.017510)
(0.034000, -0.006061, 0.017507)
(0.035346, -0.003729, 0.018547)
(0.034094, -0.002097, 0.018547)
(0.031493, -0.002794, 0.017507)
(0.042990, -0.004307, 0.017507)
(0.040658, -0.002961, 0.018547)
(0.038483, -0.004631, 0.018547)
(0.039179, -0.007231, 0.017507)
(0.035930, 0.004892, 0.017507)
(0.036628, 0.002291, 0.018547)
(0.038667, 0.002023, 0.018547)
(0.040014, 0.004354, 0.017507)
(0.035930, 0.004892, 0.016212)
(0.035930, 0.004892, 0.017507)
(0.040014, 0.004354, 0.017507)
(0.040014, 0.004354, 0.016212)
(0.040014, 0.004354, 0.016212)
(0.040014, 0.004354, 0.017507)
(0.041109, 0.003722, 0.017507)
(0.041109, 0.003722, 0.016212)
(0.038667, 0.002023, 0.018547)
(0.037880, 0.000661, 0.018547)
(0.040014, 0.004354, 0.017507)
(0.037880, 0.000661, 0.017510)
(0.039179, -0.007231, 0.017507)
(0.038483, -0.004631, 0.018547)
(0.036444, -0.004362, 0.018547)
(0.035096, -0.006694, 0.017507)
(0.039179, -0.007231, 0.016212)
(0.039179, -0.007231, 0.017507)
(0.035096, -0.006694, 0.017507)
(0.035096, -0.006694, 0.016212)
(0.036628, 0.002291, 0.018547)
(0.037880, 0.000661, 0.018547)
(0.038667, 0.002023, 0.018547)
(0.037035, 0.000772, 0.018547)
(0.034452, 0.000622, 0.018547)
(0.035814, -0.000165, 0.018547)
(0.034094, -0.002097, 0.018547)
(0.035613, -0.001690, 0.018547)
(0.035346, -0.003729, 0.018547)
(0.036133, -0.002367, 0.018547)
(0.036133, -0.002367, 0.018547)
(0.035346, -0.003729, 0.018547)
(0.034000, -0.006061, 0.017507)
(0.036133, -0.002367, 0.017510)
(0.035613, -0.001690, 0.018547)
(0.035613, -0.001690, 0.017510)
(0.035814, -0.000165, 0.017510)
(0.035814, -0.000165, 0.018547)
(0.035096, -0.006694, 0.017507)
(0.036444, -0.004362, 0.018547)
(0.037229, -0.003000, 0.018547)
(0.037229, -0.003000, 0.017510)
(0.038483, -0.004631, 0.018547)
(0.037229, -0.003000, 0.018547)
(0.036444, -0.004362, 0.018547)
(0.038075, -0.003111, 0.018547)
(0.040658, -0.002961, 0.018547)
(0.039296, -0.002175, 0.018547)
(0.041015, -0.000242, 0.018547)
(0.039496, -0.000649, 0.018547)
(0.039764, 0.001389, 0.018547)
(0.038977, 0.000027, 0.018547)
(0.039296, -0.002175, 0.018547)
(0.039296, -0.002175, 0.017510)
(0.038075, -0.003111, 0.017510)
(0.038075, -0.003111, 0.018547)
(0.036133, -0.002367, 0.018547)
(0.036133, -0.002367, 0.017510)
(0.035613, -0.001690, 0.017510)
(0.035613, -0.001690, 0.018547)
(0.039496, -0.000649, 0.018547)
(0.039496, -0.000649, 0.017510)
(0.039296, -0.002175, 0.017510)
(0.039296, -0.002175, 0.018547)
(0.037035, 0.000772, 0.018547)
(0.037035, 0.000772, 0.017510)
(0.037880, 0.000661, 0.017510)
(0.037880, 0.000661, 0.018547)
(0.038977, 0.000027, 0.018547)
(0.038977, 0.000027, 0.017510)
(0.039496, -0.000649, 0.017510)
(0.039496, -0.000649, 0.018547)
(0.038075, -0.003111, 0.018547)
(0.038075, -0.003111, 0.017510)
(0.037229, -0.003000, 0.017510)
(0.037229, -0.003000, 0.018547)
(0.035814, -0.000165, 0.018547)
(0.035814, -0.000165, 0.017510)
(0.037035, 0.000772, 0.017510)
(0.037035, 0.000772, 0.018547)
(0.034000, -0.006061, 0.017507)
(0.035096, -0.006694, 0.017507)
(0.037229, -0.003000, 0.017510)
(0.036133, -0.002367, 0.017510)
(0.035613, -0.001690, 0.017510)
(0.038075, -0.003111, 0.017510)
(0.039296, -0.002175, 0.017510)
(0.035814, -0.000165, 0.017510)
(0.039496, -0.000649, 0.017510)
(0.037035, 0.000772, 0.017510)
(0.037880, 0.000661, 0.017510)
(0.038977, 0.000027, 0.017510)
(0.040014, 0.004354, 0.017507)
(0.041109, 0.003722, 0.017507)
(0.038326, -0.000109, 0.016212)
(0.038326, -0.000109, -0.018911)
(0.038088, 0.000029, -0.018911)
(0.038089, 0.000029, 0.016212)
(0.038733, -0.001850, -0.018911)
(0.037906, -0.002485, -0.018911)
(0.037021, -0.002368, -0.018911)
(0.036784, -0.002231, -0.018911)
(0.036239, -0.001522, -0.018911)
(0.038870, -0.000817, -0.018911)
(0.036376, -0.000489, -0.018911)
(0.038326, -0.000109, -0.018911)
(0.037203, 0.000145, -0.018911)
(0.038088, 0.000029, -0.018911)
(0.036784, -0.002231, 0.016212)
(0.036784, -0.002231, -0.018911)
(0.037021, -0.002368, -0.018911)
(0.037021, -0.002368, 0.016212)
(0.037907, -0.002485, 0.016212)
(0.037906, -0.002485, -0.018911)
(0.038733, -0.001850, -0.018911)
(0.038733, -0.001850, 0.016212)
(0.037203, 0.000145, 0.016212)
(0.037203, 0.000145, -0.018911)
(0.036376, -0.000489, -0.018911)
(0.036376, -0.000489, 0.016212)
(0.038870, -0.000817, 0.016212)
(0.038870, -0.000817, -0.018911)
(0.038326, -0.000109, -0.018911)
(0.038326, -0.000109, 0.016212)
(0.037021, -0.002368, 0.016212)
(0.037021, -0.002368, -0.018911)
(0.037906, -0.002485, -0.018911)
(0.037907, -0.002485, 0.016212)
(0.038089, 0.000029, 0.016212)
(0.038088, 0.000029, -0.018911)
(0.037203, 0.000145, -0.018911)
(0.037203, 0.000145, 0.016212)
(0.036240, -0.001522, 0.016212)
(0.036239, -0.001522, -0.018911)
(0.036784, -0.002231, -0.018911)
(0.036784, -0.002231, 0.016212)
(0.036376, -0.000489, 0.016212)
(0.036376, -0.000489, -0.018911)
(0.036239, -0.001522, -0.018911)
(0.036240, -0.001522, 0.016212)
(0.038733, -0.001850, 0.016212)
(0.038733, -0.001850, -0.018911)
(0.038870, -0.000817, -0.018911)
(0.038870, -0.000817, 0.016212)
(0.047497, -0.006734, 0.011586)
(0.047497, -0.006734, 0.013913)
(-0.047496, -0.006735, 0.013913)
(-0.047496, -0.006735, 0.011586)
(-0.047496, -0.006735, 0.013913)
(0.047497, -0.006734, 0.013913)
(0.047497, -0.004396, 0.014864)
(-0.047496, -0.004397, 0.014864)
(-0.047496, -0.004397, 0.014864)
(0.047497, -0.004396, 0.014864)
(0.047497, 0.006090, 0.014864)
(-0.047496, 0.006089, 0.014864)
(-0.047496, 0.000000, 0.001181)
(0.047497, 0.000000, 0.001180)
(0.047497, -0.002725, 0.001694)
(-0.047496, -0.002726, 0.001695)
(-0.047496, 0.006773, 0.014159)
(-0.047496, 0.006089, 0.014864)
(0.047497, 0.006090, 0.014864)
(0.047497, 0.006773, 0.014159)
(0.047497, -0.006734, 0.013913)
(0.047497, -0.006734, 0.011586)
(0.047497, -0.004396, 0.012537)
(0.047497, -0.004396, 0.014864)
(0.047497, 0.006773, 0.014159)
(0.047497, 0.006090, 0.014864)
(0.047497, -0.002725, 0.009869)
(0.047497, 0.000000, 0.001180)
(0.047497, -0.002725, 0.001694)
(0.047497, 0.000000, -0.001181)
(0.047497, 0.006773, -0.014160)
(0.047497, -0.002725, -0.009870)
(0.047497, -0.002725, -0.001695)
(0.047497, -0.004396, -0.012537)
(0.047497, -0.004396, -0.014864)
(0.047497, 0.006090, -0.014864)
(0.047497, -0.006734, -0.013913)
(0.047497, -0.006734, -0.011586)
(-0.047496, -0.002726, 0.001695)
(0.047497, -0.002725, 0.001694)
(0.047497, -0.002725, 0.009869)
(-0.047496, -0.002726, 0.009870)
(0.047497, -0.004396, 0.012537)
(-0.047496, -0.004397, 0.012537)
(-0.047496, -0.002726, 0.009870)
(0.047497, -0.002725, 0.009869)
(0.047497, -0.006734, 0.011586)
(-0.047496, -0.006735, 0.011586)
(-0.047496, -0.004397, 0.012537)
(0.047497, -0.004396, 0.012537)
(-0.047496, -0.006735, 0.011586)
(-0.047496, -0.006735, 0.013913)
(-0.047496, -0.004397, 0.014864)
(-0.047496, -0.004397, 0.012537)
(-0.047496, 0.006089, 0.014864)
(-0.047496, 0.006773, 0.014159)
(-0.047496, -0.002726, 0.009870)
(-0.047496, -0.002726, 0.001695)
(-0.047496, 0.000000, 0.001181)
(-0.047496, 0.000000, -0.001180)
(-0.047497, 0.006773, -0.014159)
(-0.047496, -0.002726, -0.001694)
(-0.047496, -0.002726, -0.009869)
(-0.047496, -0.004397, -0.012537)
(-0.047497, 0.006089, -0.014864)
(-0.047496, -0.004397, -0.014864)
(-0.047496, -0.006735, -0.011586)
(-0.047496, -0.006735, -0.013913)
(0.047497, -0.006734, -0.011586)
(-0.047496, -0.006735, -0.011586)
(-0.047496, -0.006735, -0.013913)
(0.047497, -0.006734, -0.013913)
(-0.047496, 0.000000, 0.001181)
(-0.047496, 0.000000, -0.001180)
(0.047497, 0.000000, -0.001181)
(0.047497, 0.000000, 0.001180)
(-0.047496, -0.006735, -0.013913)
(-0.047496, -0.004397, -0.014864)
(0.047497, -0.004396, -0.014864)
(0.047497, -0.006734, -0.013913)
(-0.047496, -0.004397, -0.014864)
(-0.047497, 0.006089, -0.014864)
(0.047497, 0.006090, -0.014864)
(0.047497, -0.004396, -0.014864)
(-0.047496, 0.000000, -0.001180)
(-0.047496, -0.002726, -0.001694)
(0.047497, -0.002725, -0.001695)
(0.047497, 0.000000, -0.001181)
(-0.047497, 0.006773, -0.014159)
(0.047497, 0.006773, -0.014160)
(0.047497, 0.006090, -0.014864)
(-0.047497, 0.006089, -0.014864)
(-0.047496, -0.002726, -0.001694)
(-0.047496, -0.002726, -0.009869)
(0.047497, -0.002725, -0.009870)
(0.047497, -0.002725, -0.001695)
(0.047497, -0.004396, -0.012537)
(0.047497, -0.002725, -0.009870)
(-0.047496, -0.002726, -0.009869)
(-0.047496, -0.004397, -0.012537)
(0.047497, -0.006734, -0.011586)
(0.047497, -0.004396, -0.012537)
(-0.047496, -0.004397, -0.012537)
(-0.047496, -0.006735, -0.011586)
(0.047497, 0.006773, 0.014159)
(0.047497, 0.006773, -0.014160)
(-0.047497, 0.006773, -0.014159)
(-0.047496, 0.006773, 0.014159)
(0.031493, -0.002794, 0.016212)
(0.036784, -0.002231, 0.016212)
(0.034000, -0.006061, 0.016212)
(0.036240, -0.001522, 0.016212)
(0.037021, -0.002368, 0.016212)
(0.032120, 0.001968, 0.016212)
(0.035096, -0.006694, 0.016212)
(0.036376, -0.000489, 0.016212)
(0.037907, -0.002485, 0.016212)
(0.035930, 0.004892, 0.016212)
(0.039179, -0.007231, 0.016212)
(0.037203, 0.000145, 0.016212)
(0.038733, -0.001850, 0.016212)
(0.040014, 0.004354, 0.016212)
(0.042990, -0.004307, 0.016212)
(0.038089, 0.000029, 0.016212)
(0.038870, -0.000817, 0.016212)
(0.041109, 0.003722, 0.016212)
(0.043616, 0.000455, 0.016212)
(0.038326, -0.000109, 0.016212)
(-0.044712, -0.004820, 0.016213)
(-0.039956, -0.002434, 0.016213)
(-0.041217, -0.006998, 0.016213)
(-0.040714, -0.001962, 0.016213)
(-0.039685, -0.002479, 0.016213)
(-0.045798, -0.000141, 0.016213)
(-0.039970, -0.007206, 0.016213)
(-0.040950, -0.000947, 0.016213)
(-0.038815, -0.002277, 0.016213)
(-0.043256, 0.003935, 0.016213)
(-0.035958, -0.006275, 0.016213)
(-0.040399, -0.000063, 0.016213)
(-0.038264, -0.001393, 0.016213)
(-0.039244, 0.004866, 0.016213)
(-0.033416, -0.002199, 0.016213)
(-0.039528, 0.000139, 0.016213)
(-0.038499, -0.000378, 0.016213)
(-0.037996, 0.004659, 0.016213)
(-0.034501, 0.002480, 0.016213)
(-0.039257, 0.000094, 0.016213)
